<?xml version="1.0" encoding="utf-8"?>
<COLLADA xmlns="http://www.collada.org/2005/11/COLLADASchema" version="1.4.1">
  <asset><contributor><author>Mixamo</author><authoring_tool>COLLADA Mixamo exporter</authoring_tool><comments></comments></contributor><created>2018-10-11T00:21:31Z</created><modified>2018-10-11T00:21:31Z</modified><revision></revision><title></title><unit meter="0.010000"/><up_axis>Y_UP</up_axis></asset>
  <library_animations>
    <animation id="Hips-anim" name="Hips"><source id="Hips-Matrix-animation-input"><float_array id="Hips-Matrix-animation-input-array" count="190">

0.000000 0.033333 0.066667 0.100000 0.133333 0.166667 0.200000 0.233333 0.266667 0.300000 0.333333 0.366667 0.400000 0.433333 0.466667 0.500000
0.533333 0.566667 0.600000 0.633333 0.666667 0.700000 0.733333 0.766667 0.800000 0.833333 0.866667 0.900000 0.933333 0.966667 1.000000 1.033333
1.066667 1.100000 1.133333 1.166667 1.200000 1.233333 1.266667 1.300000 1.333333 1.366667 1.400000 1.433333 1.466667 1.500000 1.533333 1.566667
1.600000 1.633333 1.666667 1.700000 1.733333 1.766667 1.800000 1.833333 1.866667 1.900000 1.933333 1.966667 2.000000 2.033333 2.066667 2.100000
2.133333 2.166667 2.200000 2.233333 2.266667 2.300000 2.333333 2.366667 2.400000 2.433333 2.466667 2.500000 2.533333 2.566667 2.600000 2.633333
2.666667 2.700000 2.733333 2.766667 2.800000 2.833333 2.866667 2.900000 2.933333 2.966667 3.000000 3.033333 3.066667 3.100000 3.133333 3.166667
3.200000 3.233333 3.266667 3.300000 3.333333 3.366667 3.400000 3.433333 3.466667 3.500000 3.533333 3.566667 3.600000 3.633333 3.666667 3.700000
3.733333 3.766667 3.800000 3.833333 3.866667 3.900000 3.933333 3.966667 4.000000 4.033333 4.066667 4.100000 4.133333 4.166667 4.200000 4.233333
4.266667 4.300000 4.333333 4.366667 4.400000 4.433333 4.466667 4.500000 4.533333 4.566667 4.600000 4.633333 4.666667 4.700000 4.733333 4.766667
4.800000 4.833333 4.866667 4.900000 4.933333 4.966667 5.000000 5.033333 5.066667 5.100000 5.133333 5.166667 5.200000 5.233333 5.266667 5.300000
5.333333 5.366667 5.400000 5.433333 5.466667 5.500000 5.533333 5.566667 5.600000 5.633333 5.666667 5.700000 5.733333 5.766667 5.800000 5.833333
5.866667 5.900000 5.933333 5.966667 6.000000 6.033333 6.066667 6.100000 6.133333 6.166667 6.200000 6.233333 6.266667 6.300000</float_array><technique_common><accessor source="#Hips-Matrix-animation-input-array" count="190"><param name="TIME" type="float"/></accessor></technique_common></source><source id="Hips-Matrix-animation-output-transform"><float_array id="Hips-Matrix-animation-output-transform-array" count="3040">

0.997878 -0.021156 -0.061578 0.282042 0.021574 0.999748 0.006138 103.863716 0.061433 -0.007453 0.998083 -1.261221 0.000000 0.000000 0.000000 1.000000
0.998223 -0.015552 -0.057528 0.269331 0.015453 0.999878 -0.002169 105.109512 0.057555 0.001276 0.998342 -1.295147 0.000000 0.000000 0.000000 1.000000
0.998153 -0.004968 -0.060555 0.379199 0.004450 0.999952 -0.008697 108.710579 0.060595 0.008411 0.998127 -0.906413 0.000000 0.000000 0.000000 1.000000
0.997649 0.004157 -0.068407 0.583572 -0.005359 0.999834 -0.017400 113.547150 0.068324 0.017726 0.997506 -0.365627 0.000000 0.000000 0.000000 1.000000
0.996746 0.010058 -0.079979 0.843477 -0.012587 0.999435 -0.031179 118.185127 0.079620 0.032084 0.996309 0.039198 0.000000 0.000000 0.000000 1.000000
0.995475 0.012993 -0.094134 1.143989 -0.017444 0.998761 -0.046614 121.791519 0.093412 0.048045 0.994468 0.193038 0.000000 0.000000 0.000000 1.000000
0.994151 0.012613 -0.107263 1.472067 -0.018511 0.998360 -0.054172 124.190048 0.106404 0.055840 0.992754 0.091026 0.000000 0.000000 0.000000 1.000000
0.993284 0.009206 -0.115331 1.795904 -0.014770 0.998763 -0.047480 125.430313 0.114752 0.048864 0.992192 -0.243888 0.000000 0.000000 0.000000 1.000000
0.993042 0.004235 -0.117683 2.093735 -0.007966 0.999480 -0.031254 125.567978 0.117490 0.031974 0.992559 -0.728909 0.000000 0.000000 0.000000 1.000000
0.993175 -0.000618 -0.116633 2.360261 -0.001256 0.999871 -0.016001 124.590286 0.116628 0.016038 0.993046 -1.198159 0.000000 0.000000 0.000000 1.000000
0.993598 -0.004416 -0.112887 2.573321 0.003729 0.999973 -0.006294 122.422760 0.112912 0.005832 0.993588 -1.502238 0.000000 0.000000 0.000000 1.000000
0.994697 -0.007702 -0.102560 2.681974 0.007986 0.999965 0.002362 119.084152 0.102538 -0.003169 0.994724 -1.666679 0.000000 0.000000 0.000000 1.000000
0.996777 -0.012250 -0.079287 2.635923 0.013535 0.999785 0.015688 114.762665 0.079078 -0.016710 0.996728 -1.898165 0.000000 0.000000 0.000000 1.000000
0.998911 -0.020798 -0.041775 2.433859 0.022148 0.999238 0.032135 110.056709 0.041075 -0.033025 0.998610 -2.344298 0.000000 0.000000 0.000000 1.000000
0.999469 -0.032583 -0.000613 2.143541 0.032580 0.998544 0.042999 106.202103 -0.000789 -0.042996 0.999075 -2.810272 0.000000 0.000000 0.000000 1.000000
0.998763 -0.041009 0.028136 1.848270 0.039855 0.998389 0.040397 104.501740 -0.029747 -0.039225 0.998788 -2.882846 0.000000 0.000000 0.000000 1.000000
0.998524 -0.038456 0.038344 1.632221 0.037504 0.998978 0.025240 105.509499 -0.039276 -0.023765 0.998946 -2.330985 0.000000 0.000000 0.000000 1.000000
0.999085 -0.023658 0.035641 1.572158 0.023479 0.999710 0.005436 108.853256 -0.035759 -0.004594 0.999350 -1.265969 0.000000 0.000000 0.000000 1.000000
0.999661 -0.003108 0.025860 1.670226 0.003488 0.999887 -0.014654 113.380630 -0.025812 0.014740 0.999558 0.036298 0.000000 0.000000 0.000000 1.000000
0.999840 0.014465 0.010550 1.831117 -0.014066 0.999216 -0.037009 117.678680 -0.011077 0.036855 0.999259 1.344739 0.000000 0.000000 0.000000 1.000000
0.999655 0.024927 -0.008232 1.971138 -0.025382 0.997824 -0.060858 120.888344 0.006698 0.061046 0.998112 2.544479 0.000000 0.000000 0.000000 1.000000
0.999233 0.028776 -0.026569 2.090620 -0.030766 0.996493 -0.077819 122.802528 0.024236 0.078577 0.996613 3.591527 0.000000 0.000000 0.000000 1.000000
0.998728 0.029170 -0.041135 2.237325 -0.032395 0.996264 -0.080054 123.405716 0.038647 0.081285 0.995941 4.457471 0.000000 0.000000 0.000000 1.000000
0.998312 0.029235 -0.050177 2.430450 -0.032666 0.997083 -0.068980 122.689873 0.048014 0.070502 0.996355 5.104508 0.000000 0.000000 0.000000 1.000000
0.998171 0.029752 -0.052633 2.627775 -0.032486 0.998125 -0.051880 120.733917 0.050991 0.053495 0.997265 5.470707 0.000000 0.000000 0.000000 1.000000
0.998461 0.028702 -0.047452 2.752929 -0.030329 0.998964 -0.033928 117.744148 0.046429 0.035315 0.998297 5.479074 0.000000 0.000000 0.000000 1.000000
0.999195 0.023019 -0.032866 2.726811 -0.023589 0.999576 -0.017062 113.814293 0.032459 0.017824 0.999314 5.087396 0.000000 0.000000 0.000000 1.000000
0.999927 0.009677 -0.007180 2.518432 -0.009700 0.999948 -0.003263 109.271881 0.007148 0.003332 0.999969 4.375021 0.000000 0.000000 0.000000 1.000000
0.999605 -0.009674 0.026390 2.197879 0.009557 0.999944 0.004532 105.035141 -0.026432 -0.004278 0.999641 3.563792 0.000000 0.000000 0.000000 1.000000
0.998033 -0.027136 0.056511 1.878960 0.026888 0.999625 0.005142 102.286621 -0.056629 -0.003613 0.998389 2.889839 0.000000 0.000000 0.000000 1.000000
0.996900 -0.033918 0.070989 1.664328 0.033868 0.999424 0.001906 101.785019 -0.071013 0.000504 0.997475 2.437695 0.000000 0.000000 0.000000 1.000000
0.997353 -0.027201 0.067432 1.590086 0.027168 0.999630 0.001408 103.679108 -0.067445 0.000428 0.997723 2.144544 0.000000 0.000000 0.000000 1.000000
0.998452 -0.011549 0.054404 1.577560 0.011164 0.999911 0.007361 107.532631 -0.054485 -0.006742 0.998492 1.899302 0.000000 0.000000 0.000000 1.000000
0.999059 0.007175 0.042771 1.490329 -0.007864 0.999842 0.015964 112.275948 -0.042649 -0.016285 0.998957 1.576755 0.000000 0.000000 0.000000 1.000000
0.999137 0.022231 0.035099 1.325478 -0.022944 0.999535 0.020061 116.776932 -0.034637 -0.020849 0.999182 1.082167 0.000000 0.000000 0.000000 1.000000
0.999239 0.029836 0.025111 1.218582 -0.030285 0.999385 0.017676 120.192688 -0.024568 -0.018423 0.999528 0.425598 0.000000 0.000000 0.000000 1.000000
0.999574 0.028314 0.007124 1.245126 -0.028423 0.999473 0.015671 122.250969 -0.006676 -0.015867 0.999852 -0.292153 0.000000 0.000000 0.000000 1.000000
0.999709 0.018515 -0.015479 1.305324 -0.018148 0.999560 0.023479 123.039619 0.015907 -0.023191 0.999604 -0.980798 0.000000 0.000000 0.000000 1.000000
0.999371 0.005317 -0.035049 1.284435 -0.003828 0.999092 0.042436 122.697678 0.035243 -0.042275 0.998484 -1.550293 0.000000 0.000000 0.000000 1.000000
0.998739 -0.004951 -0.049957 1.189130 0.008154 0.997909 0.064115 121.281357 0.049535 -0.064442 0.996691 -1.873248 0.000000 0.000000 0.000000 1.000000
0.997954 -0.009173 -0.063282 1.077555 0.014281 0.996633 0.080742 118.787796 0.062328 -0.081480 0.994724 -1.872847 0.000000 0.000000 0.000000 1.000000
0.997208 -0.009905 -0.074018 0.944344 0.016802 0.995510 0.093149 115.219551 0.072763 -0.094133 0.992897 -1.656757 0.000000 0.000000 0.000000 1.000000
0.996851 -0.013375 -0.078155 0.784341 0.021709 0.994045 0.106785 110.751083 0.076262 -0.108146 0.991206 -1.490970 0.000000 0.000000 0.000000 1.000000
0.996641 -0.022477 -0.078745 0.692802 0.032096 0.991874 0.123107 106.065125 0.075338 -0.125221 0.989264 -1.589456 0.000000 0.000000 0.000000 1.000000
0.995707 -0.032108 -0.086810 0.738044 0.043967 0.989407 0.138352 102.303818 0.081448 -0.141575 0.986571 -1.910669 0.000000 0.000000 0.000000 1.000000
0.993525 -0.033203 -0.108652 0.830551 0.049277 0.987641 0.148782 100.666008 0.102369 -0.153173 0.982883 -2.218927 0.000000 0.000000 0.000000 1.000000
0.990277 -0.022921 -0.137206 0.841966 0.043974 0.987334 0.152440 101.829895 0.131974 -0.156991 0.978742 -2.346673 0.000000 0.000000 0.000000 1.000000
0.986881 -0.008167 -0.161245 0.781304 0.032207 0.988606 0.147043 105.454330 0.158207 -0.150307 0.975899 -2.309618 0.000000 0.000000 0.000000 1.000000
0.983606 0.003231 -0.180300 0.769659 0.020763 0.991161 0.131028 110.370399 0.179130 -0.132623 0.974845 -2.227765 0.000000 0.000000 0.000000 1.000000
0.979318 0.009619 -0.202097 0.892067 0.012230 0.994229 0.106582 115.221390 0.201955 -0.106850 0.973549 -2.187036 0.000000 0.000000 0.000000 1.000000
0.973534 0.012765 -0.228184 1.105395 0.005707 0.996770 0.080109 119.140816 0.228469 -0.079291 0.970317 -2.114139 0.000000 0.000000 0.000000 1.000000
0.967877 0.014448 -0.251007 1.313280 0.000546 0.998224 0.059565 121.886391 0.251422 -0.057789 0.966151 -1.901614 0.000000 0.000000 0.000000 1.000000
0.964247 0.015538 -0.264551 1.465016 -0.002825 0.998825 0.048370 123.449150 0.264991 -0.045893 0.963158 -1.505929 0.000000 0.000000 0.000000 1.000000
0.962480 0.015814 -0.270892 1.577266 -0.004712 0.999124 0.041584 123.844284 0.271312 -0.038748 0.961711 -0.927489 0.000000 0.000000 0.000000 1.000000
0.961396 0.014742 -0.274774 1.677494 -0.006120 0.999462 0.032209 123.066750 0.275101 -0.029284 0.960969 -0.196834 0.000000 0.000000 0.000000 1.000000
0.960746 0.012677 -0.277139 1.741804 -0.007293 0.999764 0.020446 121.083153 0.277333 -0.017622 0.960612 0.604907 0.000000 0.000000 0.000000 1.000000
0.961205 0.010624 -0.275632 1.724751 -0.007391 0.999891 0.012765 117.903801 0.275737 -0.010232 0.961179 1.294653 0.000000 0.000000 0.000000 1.000000
0.963805 0.006814 -0.266521 1.615169 -0.003560 0.999913 0.012690 113.680786 0.266584 -0.011282 0.963746 1.580975 0.000000 0.000000 0.000000 1.000000
0.968833 -0.005108 -0.247662 1.445904 0.009372 0.999827 0.016039 108.947380 0.247537 -0.017861 0.968714 1.228377 0.000000 0.000000 0.000000 1.000000
0.973505 -0.026914 -0.227078 1.306437 0.031492 0.999367 0.016560 104.702087 0.226488 -0.023272 0.973736 0.329148 0.000000 0.000000 0.000000 1.000000
0.973521 -0.046479 -0.223824 1.323158 0.050943 0.998600 0.014209 102.202713 0.222850 -0.025235 0.974526 -0.672911 0.000000 0.000000 0.000000 1.000000
0.966815 -0.047820 -0.250961 1.568371 0.053118 0.998485 0.014376 102.108749 0.249894 -0.027229 0.967890 -1.443420 0.000000 0.000000 0.000000 1.000000
0.952775 -0.029745 -0.302218 1.966834 0.037335 0.999115 0.019367 104.303543 0.301375 -0.029735 0.953042 -1.916197 0.000000 0.000000 0.000000 1.000000
0.932613 -0.006473 -0.360819 2.383668 0.016365 0.999569 0.024367 108.130814 0.360506 -0.028630 0.932317 -2.245188 0.000000 0.000000 0.000000 1.000000
0.909907 0.008993 -0.414715 2.767466 0.000548 0.999738 0.022881 112.488258 0.414813 -0.021047 0.909663 -2.680820 0.000000 0.000000 0.000000 1.000000
0.886916 0.012954 -0.461749 3.145526 -0.007026 0.999869 0.014555 116.379623 0.461877 -0.009665 0.886891 -3.291522 0.000000 0.000000 0.000000 1.000000
0.862655 0.009949 -0.505695 3.572373 -0.006751 0.999944 0.008156 119.182259 0.505748 -0.003622 0.862674 -3.983291 0.000000 0.000000 0.000000 1.000000
0.834922 0.006737 -0.550327 4.043381 0.001617 0.999891 0.014693 120.779190 0.550366 -0.013158 0.834820 -4.630842 0.000000 0.000000 0.000000 1.000000
0.803634 0.008100 -0.595069 4.469969 0.014985 0.999315 0.033839 121.242691 0.594935 -0.036112 0.802962 -5.172935 0.000000 0.000000 0.000000 1.000000
0.772652 0.011813 -0.634720 4.751261 0.026304 0.998372 0.050601 120.630852 0.634285 -0.055793 0.771084 -5.630445 0.000000 0.000000 0.000000 1.000000
0.748069 0.010599 -0.663536 4.870705 0.030811 0.998239 0.050681 118.949768 0.662905 -0.058357 0.746425 -6.106993 0.000000 0.000000 0.000000 1.000000
0.733099 0.001841 -0.680120 4.941834 0.032598 0.998752 0.037841 116.252686 0.679341 -0.049912 0.732124 -6.743924 0.000000 0.000000 0.000000 1.000000
0.726358 -0.007995 -0.687270 5.148909 0.039708 0.998750 0.030349 112.816498 0.686168 -0.049334 0.725768 -7.592577 0.000000 0.000000 0.000000 1.000000
0.726312 -0.012608 -0.687250 5.578495 0.053685 0.997818 0.038431 109.376984 0.685265 -0.064808 0.725404 -8.503138 0.000000 0.000000 0.000000 1.000000
0.728595 -0.015004 -0.684780 6.188050 0.069859 0.996174 0.052502 106.957024 0.681373 -0.086090 0.726856 -9.101710 0.000000 0.000000 0.000000 1.000000
0.715528 -0.020418 -0.698286 7.056185 0.083503 0.994906 0.056473 106.278694 0.693576 -0.098717 0.713588 -8.941958 0.000000 0.000000 0.000000 1.000000
0.662107 -0.028532 -0.748866 8.352076 0.094512 0.994476 0.045673 107.320374 0.743426 -0.101017 0.661146 -7.881432 0.000000 0.000000 0.000000 1.000000
0.564618 -0.036346 -0.824552 9.882023 0.104358 0.994156 0.027638 109.321518 0.818728 -0.101654 0.565111 -6.288589 0.000000 0.000000 0.000000 1.000000
0.462686 -0.042107 -0.885522 11.132438 0.112680 0.993563 0.011631 111.255013 0.879332 -0.105162 0.464453 -4.879049 0.000000 0.000000 0.000000 1.000000
0.405816 -0.045595 -0.912817 11.905862 0.120199 0.992742 0.003851 112.642952 0.906016 -0.111282 0.408351 -4.158290 0.000000 0.000000 0.000000 1.000000
0.398435 -0.044472 -0.916118 12.381221 0.126916 0.991888 0.007048 113.274162 0.908373 -0.119078 0.400847 -4.029208 0.000000 0.000000 0.000000 1.000000
0.403502 -0.038680 -0.914161 12.739907 0.129527 0.991459 0.015221 113.050697 0.905764 -0.124551 0.405066 -3.950183 0.000000 0.000000 0.000000 1.000000
0.392979 -0.033269 -0.918946 13.007576 0.123457 0.992207 0.016874 112.265610 0.911222 -0.120081 0.394023 -3.397675 0.000000 0.000000 0.000000 1.000000
0.382538 -0.031028 -0.923419 13.129081 0.108148 0.994069 0.011400 111.349960 0.917589 -0.104227 0.383625 -2.314493 0.000000 0.000000 0.000000 1.000000
0.414798 -0.027406 -0.909501 13.151198 0.088904 0.995984 0.010535 110.596146 0.905560 -0.085228 0.415569 -1.086467 0.000000 0.000000 0.000000 1.000000
0.511972 -0.019904 -0.858771 13.122771 0.071097 0.997283 0.019271 110.149826 0.856055 -0.070922 0.511997 -0.077608 0.000000 0.000000 0.000000 1.000000
0.650944 -0.015374 -0.758970 12.954013 0.056456 0.998007 0.028204 110.006966 0.757024 -0.061208 0.650514 0.662094 0.000000 0.000000 0.000000 1.000000
0.783872 -0.017380 -0.620679 12.636553 0.045322 0.998543 0.029277 110.041397 0.619266 -0.051080 0.783518 1.253273 0.000000 0.000000 0.000000 1.000000
0.878093 -0.017778 -0.478160 12.363848 0.035573 0.998970 0.028185 110.086487 0.477167 -0.041758 0.877820 1.758674 0.000000 0.000000 0.000000 1.000000
0.932099 -0.007947 -0.362115 12.276811 0.021760 0.999182 0.034082 110.053673 0.361548 -0.039647 0.931510 2.162171 0.000000 0.000000 0.000000 1.000000
0.961888 0.010207 -0.273254 12.244309 0.001491 0.999092 0.042569 109.969376 0.273441 -0.041354 0.960999 2.495183 0.000000 0.000000 0.000000 1.000000
0.982250 0.029210 -0.185290 12.023295 -0.022551 0.999025 0.037941 109.717529 0.186217 -0.033089 0.981951 2.852279 0.000000 0.000000 0.000000 1.000000
0.995958 0.045705 -0.077325 11.562865 -0.044742 0.998898 0.014140 109.214813 0.077886 -0.010623 0.996906 3.313310 0.000000 0.000000 0.000000 1.000000
0.997505 0.060152 0.036949 11.117152 -0.059600 0.998096 -0.015866 108.449570 -0.037833 0.013625 0.999191 3.912322 0.000000 0.000000 0.000000 1.000000
0.990388 0.071422 0.118448 11.002852 -0.067662 0.997078 -0.035468 107.474251 -0.120635 0.027113 0.992327 4.535506 0.000000 0.000000 0.000000 1.000000
0.986621 0.079728 0.142206 11.327312 -0.074628 0.996374 -0.040850 106.315521 -0.144947 0.029691 0.988994 5.018582 0.000000 0.000000 0.000000 1.000000
0.989717 0.087374 0.113250 12.036266 -0.083563 0.995778 -0.037981 104.932243 -0.116091 0.028127 0.992840 5.352534 0.000000 0.000000 0.000000 1.000000
0.994400 0.094267 0.047777 13.044887 -0.092820 0.995180 -0.031645 103.361092 -0.050529 0.027033 0.998357 5.570726 0.000000 0.000000 0.000000 1.000000
0.993914 0.100733 -0.044582 14.279906 -0.101726 0.994599 -0.020583 101.741402 0.042268 0.024993 0.998794 5.654712 0.000000 0.000000 0.000000 1.000000
0.980830 0.110638 -0.160408 15.651372 -0.112270 0.993677 -0.001120 100.363892 0.159270 0.019107 0.987050 5.666549 0.000000 0.000000 0.000000 1.000000
0.947381 0.127815 -0.293484 17.003988 -0.125618 0.991727 0.026407 99.687241 0.294431 0.011850 0.955599 5.804875 0.000000 0.000000 0.000000 1.000000
0.889756 0.149976 -0.431094 18.143797 -0.139468 0.988637 0.056089 100.031013 0.434607 0.010218 0.900562 6.237064 0.000000 0.000000 0.000000 1.000000
0.812210 0.170299 -0.557955 18.965687 -0.150697 0.985228 0.081343 101.377205 0.563565 0.018015 0.825875 6.946385 0.000000 0.000000 0.000000 1.000000
0.728649 0.182811 -0.660039 19.559992 -0.158518 0.982565 0.097145 103.710358 0.666290 0.033844 0.744924 7.878078 0.000000 0.000000 0.000000 1.000000
0.663232 0.182667 -0.725779 19.998528 -0.163673 0.981684 0.097507 106.668495 0.730297 0.054121 0.680982 8.750430 0.000000 0.000000 0.000000 1.000000
0.640238 0.170260 -0.749071 20.238047 -0.166489 0.982705 0.081064 109.549622 0.749918 0.072812 0.657511 9.137633 0.000000 0.000000 0.000000 1.000000
0.661545 0.154623 -0.733792 20.266457 -0.165532 0.984485 0.058214 111.676910 0.731408 0.082955 0.676875 8.911150 0.000000 0.000000 0.000000 1.000000
0.698974 0.145335 -0.700224 20.291260 -0.160659 0.986016 0.044281 112.770027 0.696868 0.081546 0.712549 8.486078 0.000000 0.000000 0.000000 1.000000
0.718636 0.144883 -0.680126 20.558315 -0.155877 0.986728 0.045494 113.001579 0.677691 0.073322 0.731682 8.349192 0.000000 0.000000 0.000000 1.000000
0.708544 0.148300 -0.689908 21.059248 -0.153151 0.986682 0.054805 112.839005 0.688847 0.066828 0.721820 8.620872 0.000000 0.000000 0.000000 1.000000
0.684160 0.146388 -0.714490 21.511238 -0.149958 0.986953 0.058620 112.619484 0.713749 0.067038 0.697185 9.014120 0.000000 0.000000 0.000000 1.000000
0.675865 0.135878 -0.724392 21.649389 -0.147027 0.987960 0.048139 112.405922 0.722211 0.073970 0.687706 9.081646 0.000000 0.000000 0.000000 1.000000
0.702488 0.125898 -0.700471 21.435123 -0.150223 0.988284 0.026971 112.020187 0.695660 0.086280 0.713171 8.517679 0.000000 0.000000 0.000000 1.000000
0.755289 0.126012 -0.643164 21.010098 -0.162639 0.986683 0.002324 111.253960 0.634892 0.102848 0.765725 7.300264 0.000000 0.000000 0.000000 1.000000
0.812839 0.129038 -0.568016 20.568220 -0.176934 0.983774 -0.029707 109.999359 0.554966 0.124648 0.822481 5.669939 0.000000 0.000000 0.000000 1.000000
0.863512 0.117882 -0.490358 20.206600 -0.177430 0.981149 -0.076582 108.264412 0.472087 0.153133 0.868150 4.060523 0.000000 0.000000 0.000000 1.000000
0.904670 0.086840 -0.417170 19.920887 -0.153547 0.979679 -0.129047 106.278572 0.397486 0.180800 0.899620 2.932621 0.000000 0.000000 0.000000 1.000000
0.934283 0.046224 -0.353522 19.730886 -0.110072 0.980518 -0.162693 104.360825 0.339114 0.190914 0.921169 2.483606 0.000000 0.000000 0.000000 1.000000
0.952424 0.008234 -0.304666 19.710024 -0.059759 0.985276 -0.160186 102.641434 0.298861 0.170771 0.938893 2.628438 0.000000 0.000000 0.000000 1.000000
0.961553 -0.022855 -0.273668 19.990953 -0.011517 0.992298 -0.123335 101.146889 0.274379 0.121745 0.953884 3.216479 0.000000 0.000000 0.000000 1.000000
0.963388 -0.049371 -0.263528 20.720793 0.033466 0.997356 -0.064508 99.992546 0.266016 0.053327 0.962493 4.076310 0.000000 0.000000 0.000000 1.000000
0.957976 -0.076971 -0.276327 21.940680 0.081136 0.996696 0.003654 99.297791 0.275133 -0.025921 0.961057 5.043860 0.000000 0.000000 0.000000 1.000000
0.943250 -0.114004 -0.311901 23.471895 0.141547 0.987657 0.067066 99.025459 0.300405 -0.107409 0.947745 6.000873 0.000000 0.000000 0.000000 1.000000
0.914375 -0.164333 -0.370017 24.949924 0.218418 0.969742 0.109062 99.040939 0.340898 -0.180542 0.922601 6.898866 0.000000 0.000000 0.000000 1.000000
0.868362 -0.218633 -0.445137 25.925676 0.299840 0.946401 0.120087 99.129158 0.395023 -0.237749 0.887374 7.585644 0.000000 0.000000 0.000000 1.000000
0.813616 -0.261757 -0.519146 26.128826 0.366134 0.924300 0.107774 99.037163 0.451636 -0.277764 0.847863 7.794921 0.000000 0.000000 0.000000 1.000000
0.768348 -0.286716 -0.572219 25.691710 0.407321 0.908677 0.091630 98.699600 0.493691 -0.303481 0.814966 7.426193 0.000000 0.000000 0.000000 1.000000
0.745365 -0.294377 -0.598141 24.824041 0.425946 0.900498 0.087603 98.087158 0.512837 -0.320072 0.796588 6.544032 0.000000 0.000000 0.000000 1.000000
0.746499 -0.286577 -0.600510 23.600487 0.427009 0.898471 0.102047 97.285248 0.510297 -0.332601 0.793079 5.436307 0.000000 0.000000 0.000000 1.000000
0.767334 -0.265379 -0.583757 22.008146 0.413270 0.900732 0.133755 96.477982 0.490313 -0.343884 0.800835 4.424184 0.000000 0.000000 0.000000 1.000000
0.800454 -0.233310 -0.552123 20.139368 0.385759 0.905537 0.176613 95.807770 0.458763 -0.354357 0.814842 3.790959 0.000000 0.000000 0.000000 1.000000
0.838395 -0.193421 -0.509590 18.098122 0.345334 0.911830 0.222060 95.419525 0.421708 -0.362153 0.831269 3.651311 0.000000 0.000000 0.000000 1.000000
0.875676 -0.150599 -0.458816 16.008331 0.294880 0.919172 0.261092 95.417442 0.382410 -0.363927 0.849305 3.987616 0.000000 0.000000 0.000000 1.000000
0.909637 -0.109846 -0.400616 14.017591 0.239584 0.926572 0.289938 95.739372 0.339351 -0.359720 0.869162 4.712280 0.000000 0.000000 0.000000 1.000000
0.938684 -0.075014 -0.336520 12.197340 0.185975 0.932038 0.310997 96.241028 0.290321 -0.354512 0.888839 5.665959 0.000000 0.000000 0.000000 1.000000
0.960362 -0.048087 -0.274577 10.577928 0.139227 0.936094 0.323023 96.734924 0.241496 -0.348448 0.905684 6.583169 0.000000 0.000000 0.000000 1.000000
0.973750 -0.023822 -0.226371 9.217449 0.097100 0.942953 0.318450 97.153458 0.205871 -0.332072 0.920514 7.204787 0.000000 0.000000 0.000000 1.000000
0.980695 0.006362 -0.195442 8.031188 0.052285 0.954550 0.293429 97.476135 0.188426 -0.297982 0.935790 7.288058 0.000000 0.000000 0.000000 1.000000
0.984150 0.046987 -0.171001 6.868551 -0.002232 0.967466 0.252989 97.557396 0.177325 -0.248598 0.952237 6.661353 0.000000 0.000000 0.000000 1.000000
0.985849 0.093192 -0.139344 5.685252 -0.063709 0.977151 0.202773 97.293861 0.155057 -0.191026 0.969261 5.220983 0.000000 0.000000 0.000000 1.000000
0.986171 0.133698 -0.097934 4.652661 -0.119178 0.982735 0.141524 96.624550 0.115164 -0.127895 0.985079 2.964088 0.000000 0.000000 0.000000 1.000000
0.986060 0.155218 -0.059946 3.963805 -0.151240 0.986290 0.066025 95.720085 0.069372 -0.056039 0.996016 -0.066185 0.000000 0.000000 0.000000 1.000000
0.987831 0.149350 -0.043403 3.858797 -0.150284 0.988458 -0.019101 94.733849 0.040049 0.025392 0.998875 -3.689351 0.000000 0.000000 0.000000 1.000000
0.991253 0.120353 -0.054151 4.542264 -0.125321 0.987030 -0.100329 93.651772 0.041374 0.106238 0.993480 -7.548460 0.000000 0.000000 0.000000 1.000000
0.993074 0.083294 -0.082857 6.039739 -0.096198 0.981346 -0.166452 92.433716 0.067447 0.173270 0.982562 -11.223917 0.000000 0.000000 0.000000 1.000000
0.991996 0.047863 -0.116846 8.228981 -0.072626 0.973266 -0.217898 91.087776 0.103293 0.224640 0.968952 -14.337234 0.000000 0.000000 0.000000 1.000000
0.988433 0.007248 -0.151486 10.865482 -0.047277 0.963810 -0.262366 89.816696 0.144102 0.266493 0.953004 -16.730230 0.000000 0.000000 0.000000 1.000000
0.980886 -0.050063 -0.188034 13.763772 -0.010346 0.951551 -0.307316 88.691330 0.194309 0.303387 0.932845 -18.409271 0.000000 0.000000 0.000000 1.000000
0.966746 -0.123753 -0.223802 16.730867 0.037352 0.934063 -0.355149 87.706306 0.252995 0.334979 0.907624 -19.478973 0.000000 0.000000 0.000000 1.000000
0.946288 -0.198635 -0.255116 19.547045 0.084182 0.913184 -0.398758 86.901558 0.312175 0.355864 0.880856 -20.054508 0.000000 0.000000 0.000000 1.000000
0.922931 -0.259056 -0.284759 22.034916 0.119282 0.895738 -0.428281 86.356026 0.366019 0.361308 0.857606 -20.263590 0.000000 0.000000 0.000000 1.000000
0.898774 -0.302886 -0.316962 24.105743 0.141845 0.884991 -0.443475 86.112244 0.414831 0.353625 0.838370 -20.208755 0.000000 0.000000 0.000000 1.000000
0.873327 -0.337080 -0.351677 25.718008 0.157186 0.878311 -0.451512 86.135933 0.461078 0.339038 0.820037 -19.955210 0.000000 0.000000 0.000000 1.000000
0.846295 -0.364763 -0.388244 26.847120 0.167567 0.874085 -0.455957 86.369263 0.505675 0.320817 0.800856 -19.549570 0.000000 0.000000 0.000000 1.000000
0.818852 -0.382665 -0.427841 27.488611 0.171457 0.874395 -0.453912 86.745476 0.547798 0.298330 0.781611 -19.014576 0.000000 0.000000 0.000000 1.000000
0.792592 -0.387422 -0.470851 27.646938 0.168912 0.881486 -0.440965 87.253052 0.585889 0.269973 0.764100 -18.370136 0.000000 0.000000 0.000000 1.000000
0.768819 -0.379545 -0.514647 27.332584 0.163428 0.894703 -0.415690 87.923157 0.618230 0.235483 0.749893 -17.618238 0.000000 0.000000 0.000000 1.000000
0.749041 -0.363242 -0.554069 26.553038 0.159668 0.910624 -0.381142 88.914688 0.642996 0.197024 0.740093 -16.784794 0.000000 0.000000 0.000000 1.000000
0.735337 -0.343188 -0.584381 25.330212 0.160474 0.925951 -0.341853 90.402618 0.658428 0.157599 0.735958 -15.922654 0.000000 0.000000 0.000000 1.000000
0.730388 -0.320475 -0.603183 23.816454 0.165800 0.939869 -0.298592 92.609924 0.662604 0.118080 0.739603 -15.035850 0.000000 0.000000 0.000000 1.000000
0.736224 -0.294372 -0.609361 22.215694 0.173754 0.952476 -0.250197 95.770126 0.654052 0.078323 0.752384 -14.096663 0.000000 0.000000 0.000000 1.000000
0.751129 -0.268604 -0.603040 20.686712 0.181968 0.962335 -0.201987 99.885513 0.634581 0.041985 0.771715 -13.032904 0.000000 0.000000 0.000000 1.000000
0.768838 -0.251437 -0.587935 19.281172 0.188739 0.967716 -0.167043 104.536484 0.610955 0.017463 0.791473 -11.813454 0.000000 0.000000 0.000000 1.000000
0.782466 -0.246580 -0.571791 18.028221 0.192256 0.969058 -0.154805 109.055138 0.592270 0.011200 0.805661 -10.454686 0.000000 0.000000 0.000000 1.000000
0.790839 -0.246780 -0.560066 16.891977 0.189885 0.968881 -0.158789 112.922485 0.581823 0.019228 0.813088 -9.025760 0.000000 0.000000 0.000000 1.000000
0.799216 -0.239314 -0.551345 15.744273 0.179622 0.970493 -0.160872 115.806534 0.573576 0.029538 0.818620 -7.678627 0.000000 0.000000 0.000000 1.000000
0.812253 -0.217856 -0.541096 14.523584 0.162029 0.975397 -0.149488 117.596893 0.560350 0.033749 0.827568 -6.556022 0.000000 0.000000 0.000000 1.000000
0.828664 -0.187286 -0.527484 13.255355 0.139683 0.981740 -0.129134 118.280701 0.542037 0.033328 0.839693 -5.701254 0.000000 0.000000 0.000000 1.000000
0.844327 -0.156241 -0.512543 11.952546 0.114464 0.987056 -0.112330 117.851112 0.523459 0.036175 0.851282 -5.072618 0.000000 0.000000 0.000000 1.000000
0.858082 -0.128591 -0.497151 10.600001 0.087261 0.990572 -0.105606 116.370094 0.506044 0.047237 0.861213 -4.641769 0.000000 0.000000 0.000000 1.000000
0.872344 -0.103117 -0.477894 9.232451 0.060767 0.992793 -0.103294 114.049171 0.485101 0.061068 0.872323 -4.444154 0.000000 0.000000 0.000000 1.000000
0.888640 -0.079204 -0.451715 7.902877 0.040796 0.994721 -0.094160 110.921272 0.456788 0.065246 0.887180 -4.503878 0.000000 0.000000 0.000000 1.000000
0.904748 -0.060575 -0.421618 6.672125 0.032273 0.996740 -0.073949 107.595215 0.424723 0.053298 0.903753 -4.604862 0.000000 0.000000 0.000000 1.000000
0.917669 -0.049070 -0.394305 5.552032 0.031586 0.998214 -0.050714 105.521881 0.396089 0.034084 0.917579 -4.325057 0.000000 0.000000 0.000000 1.000000
0.926992 -0.041046 -0.372829 4.509707 0.029244 0.998878 -0.037259 106.091957 0.373940 0.023636 0.927152 -3.394288 0.000000 0.000000 0.000000 1.000000
0.933834 -0.034246 -0.356063 3.623307 0.021211 0.998956 -0.040450 109.486725 0.357077 0.030221 0.933586 -2.044321 0.000000 0.000000 0.000000 1.000000
0.939122 -0.031523 -0.342135 3.053141 0.012426 0.998247 -0.057867 114.447311 0.343359 0.050093 0.937867 -0.819890 0.000000 0.000000 0.000000 1.000000
0.944597 -0.034403 -0.326425 2.774760 0.008815 0.996792 -0.079547 119.343094 0.328115 0.072263 0.941870 -0.095483 0.000000 0.000000 0.000000 1.000000
0.952356 -0.039011 -0.302484 2.607228 0.011720 0.995734 -0.091519 123.318962 0.304764 0.083614 0.948751 0.059661 0.000000 0.000000 0.000000 1.000000
0.962024 -0.040477 -0.269946 2.441311 0.018088 0.996224 -0.084919 126.088562 0.272364 0.076812 0.959124 -0.224202 0.000000 0.000000 0.000000 1.000000
0.970832 -0.038894 -0.236585 2.263364 0.023942 0.997549 -0.065747 127.624840 0.238562 0.058165 0.969384 -0.648998 0.000000 0.000000 0.000000 1.000000
0.976857 -0.035980 -0.210846 2.086192 0.026122 0.998440 -0.049353 128.042114 0.212293 0.042703 0.976273 -0.892240 0.000000 0.000000 0.000000 1.000000
0.980419 -0.032617 -0.194203 1.894487 0.024467 0.998722 -0.044218 127.376122 0.195397 0.038600 0.979964 -0.855513 0.000000 0.000000 0.000000 1.000000
0.982911 -0.028483 -0.181865 1.660336 0.020373 0.998720 -0.046305 125.578575 0.182951 0.041808 0.982233 -0.633981 0.000000 0.000000 0.000000 1.000000
0.985408 -0.023687 -0.168554 1.383855 0.015862 0.998740 -0.047615 122.644753 0.169469 0.044247 0.984542 -0.358336 0.000000 0.000000 0.000000 1.000000
0.988303 -0.019583 -0.151244 1.081089 0.013077 0.998951 -0.043895 118.704414 0.151944 0.041404 0.987521 -0.186525 0.000000 0.000000 0.000000 1.000000
0.991508 -0.018186 -0.128770 0.776214 0.013926 0.999328 -0.033904 114.041718 0.129300 0.031823 0.991095 -0.330006 0.000000 0.000000 0.000000 1.000000
0.994551 -0.020173 -0.102278 0.523456 0.018466 0.999674 -0.017606 109.031364 0.102600 0.015621 0.994600 -0.839241 0.000000 0.000000 0.000000 1.000000
0.996689 -0.021608 -0.078389 0.367042 0.021427 0.999765 -0.003149 105.262100 0.078439 0.001459 0.996918 -1.200650 0.000000 0.000000 0.000000 1.000000
0.997878 -0.021156 -0.061578 0.282042 0.021574 0.999748 0.006138 103.863724 0.061433 -0.007453 0.998083 -1.261224 0.000000 0.000000 0.000000 1.000000</float_array><technique_common><accessor source="#Hips-Matrix-animation-output-transform-array" count="190" stride="16"><param type="float4x4"/></accessor></technique_common></source><source id="Hips-Interpolations"><Name_array id="Hips-Interpolations-array" count="190">
 LINEAR LINEAR LINEAR LINEAR LINEAR LINEAR LINEAR LINEAR LINEAR LINEAR LINEAR
LINEAR LINEAR LINEAR LINEAR LINEAR LINEAR LINEAR LINEAR LINEAR LINEAR LINEAR LINEAR
LINEAR LINEAR LINEAR LINEAR LINEAR LINEAR LINEAR LINEAR LINEAR LINEAR LINEAR LINEAR
LINEAR LINEAR LINEAR LINEAR LINEAR LINEAR LINEAR LINEAR LINEAR LINEAR LINEAR LINEAR
LINEAR LINEAR LINEAR LINEAR LINEAR LINEAR LINEAR LINEAR LINEAR LINEAR LINEAR LINEAR
LINEAR LINEAR LINEAR LINEAR LINEAR LINEAR LINEAR LINEAR LINEAR LINEAR LINEAR LINEAR
LINEAR LINEAR LINEAR LINEAR LINEAR LINEAR LINEAR LINEAR LINEAR LINEAR LINEAR LINEAR
LINEAR LINEAR LINEAR LINEAR LINEAR LINEAR LINEAR LINEAR LINEAR LINEAR LINEAR LINEAR
LINEAR LINEAR LINEAR LINEAR LINEAR LINEAR LINEAR LINEAR LINEAR LINEAR LINEAR LINEAR
LINEAR LINEAR LINEAR LINEAR LINEAR LINEAR LINEAR LINEAR LINEAR LINEAR LINEAR LINEAR
LINEAR LINEAR LINEAR LINEAR LINEAR LINEAR LINEAR LINEAR LINEAR LINEAR LINEAR LINEAR
LINEAR LINEAR LINEAR LINEAR LINEAR LINEAR LINEAR LINEAR LINEAR LINEAR LINEAR LINEAR
LINEAR LINEAR LINEAR LINEAR LINEAR LINEAR LINEAR LINEAR LINEAR LINEAR LINEAR LINEAR
LINEAR LINEAR LINEAR LINEAR LINEAR LINEAR LINEAR LINEAR LINEAR LINEAR LINEAR LINEAR
LINEAR LINEAR LINEAR LINEAR LINEAR LINEAR LINEAR LINEAR LINEAR LINEAR LINEAR LINEAR
LINEAR LINEAR LINEAR LINEAR LINEAR LINEAR LINEAR LINEAR LINEAR LINEAR LINEAR</Name_array><technique_common><accessor source="#Hips-Interpolations-array" count="190"><param type="name"/></accessor></technique_common></source><sampler id="Hips-Matrix-animation-transform"><input semantic="INPUT" source="#Hips-Matrix-animation-input"/><input semantic="OUTPUT" source="#Hips-Matrix-animation-output-transform"/><input semantic="INTERPOLATION" source="#Hips-Interpolations"/></sampler><channel source="#Hips-Matrix-animation-transform" target="Hips/matrix"/></animation>
    <animation id="Spine-anim" name="Spine"><source id="Spine-Matrix-animation-input"><float_array id="Spine-Matrix-animation-input-array" count="190">

0.000000 0.033333 0.066667 0.100000 0.133333 0.166667 0.200000 0.233333 0.266667 0.300000 0.333333 0.366667 0.400000 0.433333 0.466667 0.500000
0.533333 0.566667 0.600000 0.633333 0.666667 0.700000 0.733333 0.766667 0.800000 0.833333 0.866667 0.900000 0.933333 0.966667 1.000000 1.033333
1.066667 1.100000 1.133333 1.166667 1.200000 1.233333 1.266667 1.300000 1.333333 1.366667 1.400000 1.433333 1.466667 1.500000 1.533333 1.566667
1.600000 1.633333 1.666667 1.700000 1.733333 1.766667 1.800000 1.833333 1.866667 1.900000 1.933333 1.966667 2.000000 2.033333 2.066667 2.100000
2.133333 2.166667 2.200000 2.233333 2.266667 2.300000 2.333333 2.366667 2.400000 2.433333 2.466667 2.500000 2.533333 2.566667 2.600000 2.633333
2.666667 2.700000 2.733333 2.766667 2.800000 2.833333 2.866667 2.900000 2.933333 2.966667 3.000000 3.033333 3.066667 3.100000 3.133333 3.166667
3.200000 3.233333 3.266667 3.300000 3.333333 3.366667 3.400000 3.433333 3.466667 3.500000 3.533333 3.566667 3.600000 3.633333 3.666667 3.700000
3.733333 3.766667 3.800000 3.833333 3.866667 3.900000 3.933333 3.966667 4.000000 4.033333 4.066667 4.100000 4.133333 4.166667 4.200000 4.233333
4.266667 4.300000 4.333333 4.366667 4.400000 4.433333 4.466667 4.500000 4.533333 4.566667 4.600000 4.633333 4.666667 4.700000 4.733333 4.766667
4.800000 4.833333 4.866667 4.900000 4.933333 4.966667 5.000000 5.033333 5.066667 5.100000 5.133333 5.166667 5.200000 5.233333 5.266667 5.300000
5.333333 5.366667 5.400000 5.433333 5.466667 5.500000 5.533333 5.566667 5.600000 5.633333 5.666667 5.700000 5.733333 5.766667 5.800000 5.833333
5.866667 5.900000 5.933333 5.966667 6.000000 6.033333 6.066667 6.100000 6.133333 6.166667 6.200000 6.233333 6.266667 6.300000</float_array><technique_common><accessor source="#Spine-Matrix-animation-input-array" count="190"><param name="TIME" type="float"/></accessor></technique_common></source><source id="Spine-Matrix-animation-output-transform"><float_array id="Spine-Matrix-animation-output-transform-array" count="3040">

0.999934 0.001383 0.011400 0.001200 -0.000968 0.999339 -0.036337 10.871700 -0.011443 0.036323 0.999275 -0.828500 0.000000 0.000000 0.000000 1.000000
0.999940 0.000420 0.010937 0.001200 -0.000064 0.999470 -0.032555 10.871700 -0.010945 0.032553 0.999410 -0.828500 0.000000 0.000000 0.000000 1.000000
0.999922 -0.003538 0.011996 0.001200 0.003844 0.999665 -0.025588 10.871700 -0.011901 0.025632 0.999601 -0.828500 0.000000 0.000000 0.000000 1.000000
0.999871 -0.008143 0.013821 0.001200 0.008377 0.999822 -0.016931 10.871700 -0.013681 0.017045 0.999761 -0.828500 0.000000 0.000000 0.000000 1.000000
0.999791 -0.012906 0.015848 0.001200 0.013035 0.999882 -0.008093 10.871700 -0.015742 0.008298 0.999842 -0.828500 0.000000 0.000000 0.000000 1.000000
0.999693 -0.017588 0.017453 0.001200 0.017614 0.999844 -0.001342 10.871700 -0.017427 0.001649 0.999847 -0.828500 0.000000 0.000000 0.000000 1.000000
0.999629 -0.020593 0.017850 0.001200 0.020596 0.999788 0.000019 10.871700 -0.017847 0.000349 0.999841 -0.828500 0.000000 0.000000 0.000000 1.000000
0.999639 -0.020917 0.016884 0.001200 0.021012 0.999764 -0.005470 10.871700 -0.016766 0.005823 0.999842 -0.828500 0.000000 0.000000 0.000000 1.000000
0.999683 -0.019807 0.015524 0.001200 0.020033 0.999693 -0.014558 10.871700 -0.015231 0.014864 0.999774 -0.828500 0.000000 0.000000 0.000000 1.000000
0.999707 -0.019018 0.014972 0.001200 0.019338 0.999581 -0.021544 10.871700 -0.014556 0.021828 0.999656 -0.828500 0.000000 0.000000 0.000000 1.000000
0.999709 -0.018630 0.015309 0.001200 0.018991 0.999536 -0.023821 10.871700 -0.014858 0.024104 0.999599 -0.828500 0.000000 0.000000 0.000000 1.000000
0.999737 -0.017307 0.015041 0.001200 0.017671 0.999546 -0.024406 10.871700 -0.014612 0.024666 0.999589 -0.828500 0.000000 0.000000 0.000000 1.000000
0.999828 -0.014027 0.012167 0.001200 0.014367 0.999496 -0.028303 10.871700 -0.011764 0.028473 0.999525 -0.828500 0.000000 0.000000 0.000000 1.000000
0.999947 -0.007926 0.006498 0.001200 0.008156 0.999310 -0.036235 10.871700 -0.006206 0.036286 0.999322 -0.828500 0.000000 0.000000 0.000000 1.000000
1.000000 0.000531 0.000834 0.001200 -0.000495 0.999073 -0.043038 10.871700 -0.000856 0.043038 0.999073 -0.828500 0.000000 0.000000 0.000000 1.000000
0.999961 0.008735 -0.001534 0.001200 -0.008793 0.999038 -0.042965 10.871700 0.001157 0.042977 0.999075 -0.828500 0.000000 0.000000 0.000000 1.000000
0.999927 0.012108 -0.000436 0.001200 -0.012116 0.999297 -0.035464 10.871700 0.000007 0.035467 0.999371 -0.828500 0.000000 0.000000 0.000000 1.000000
0.999964 0.008219 0.002060 0.001200 -0.008166 0.999660 -0.024778 10.871700 -0.002263 0.024761 0.999691 -0.828500 0.000000 0.000000 0.000000 1.000000
0.999988 0.000260 0.004977 0.001200 -0.000188 0.999894 -0.014547 10.871700 -0.004980 0.014546 0.999882 -0.828500 0.000000 0.000000 0.000000 1.000000
0.999946 -0.006166 0.008319 0.001200 0.006209 0.999967 -0.005157 10.871700 -0.008287 0.005208 0.999952 -0.828500 0.000000 0.000000 0.000000 1.000000
0.999898 -0.008839 0.011218 0.001200 0.008804 0.999956 0.003173 10.871700 -0.011246 -0.003074 0.999932 -0.828500 0.000000 0.000000 0.000000 1.000000
0.999882 -0.008435 0.012867 0.001200 0.008334 0.999934 0.007937 10.871700 -0.012933 -0.007829 0.999886 -0.828500 0.000000 0.000000 0.000000 1.000000
0.999883 -0.006753 0.013749 0.001200 0.006657 0.999953 0.007064 10.871700 -0.013796 -0.006972 0.999881 -0.828500 0.000000 0.000000 0.000000 1.000000
0.999874 -0.005270 0.014985 0.001200 0.005243 0.999984 0.001886 10.871700 -0.014994 -0.001807 0.999886 -0.828500 0.000000 0.000000 0.000000 1.000000
0.999848 -0.004480 0.016853 0.001200 0.004575 0.999974 -0.005584 10.871700 -0.016827 0.005660 0.999842 -0.828500 0.000000 0.000000 0.000000 1.000000
0.999825 -0.003502 0.018363 0.001200 0.003800 0.999861 -0.016214 10.871700 -0.018303 0.016281 0.999700 -0.828500 0.000000 0.000000 0.000000 1.000000
0.999839 -0.000682 0.017953 0.001200 0.001239 0.999518 -0.031028 10.871700 -0.017923 0.031045 0.999357 -0.828500 0.000000 0.000000 0.000000 1.000000
0.999875 0.005595 0.014775 0.001200 -0.004894 0.998882 -0.047010 10.871700 -0.015022 0.046932 0.998785 -0.828500 0.000000 0.000000 0.000000 1.000000
0.999855 0.013898 0.009832 0.001200 -0.013302 0.998210 -0.058314 10.871700 -0.010625 0.058175 0.998250 -0.828500 0.000000 0.000000 0.000000 1.000000
0.999769 0.020542 0.006254 0.001200 -0.020122 0.997931 -0.061063 10.871700 -0.007495 0.060923 0.998114 -0.828500 0.000000 0.000000 0.000000 1.000000
0.999738 0.021920 0.006585 0.001200 -0.021515 0.998177 -0.056387 10.871700 -0.007809 0.056231 0.998387 -0.828500 0.000000 0.000000 0.000000 1.000000
