<?xml version="1.0" encoding="utf-8"?>
<COLLADA xmlns="http://www.collada.org/2005/11/COLLADASchema" version="1.4.1">
  <asset><contributor><author>Mixamo</author><authoring_tool>COLLADA Mixamo exporter</authoring_tool><comments></comments></contributor><created>2018-10-11T00:34:38Z</created><modified>2018-10-11T00:34:38Z</modified><revision></revision><title></title><unit meter="0.010000"/><up_axis>Y_UP</up_axis></asset>
  <library_animations>
    <animation id="mixamorig_Hips-anim" name="mixamorig_Hips"><source id="mixamorig_Hips-Matrix-animation-input"><float_array id="mixamorig_Hips-Matrix-animation-input-array" count="248">

0.000000 0.033333 0.066667 0.100000 0.133333 0.166667 0.200000 0.233333 0.266667 0.300000 0.333333 0.366667 0.400000 0.433333 0.466667 0.500000
0.533333 0.566667 0.600000 0.633333 0.666667 0.700000 0.733333 0.766667 0.800000 0.833333 0.866667 0.900000 0.933333 0.966667 1.000000 1.033333
1.066667 1.100000 1.133333 1.166667 1.200000 1.233333 1.266667 1.300000 1.333333 1.366667 1.400000 1.433333 1.466667 1.500000 1.533333 1.566667
1.600000 1.633333 1.666667 1.700000 1.733333 1.766667 1.800000 1.833333 1.866667 1.900000 1.933333 1.966667 2.000000 2.033333 2.066667 2.100000
2.133333 2.166667 2.200000 2.233333 2.266667 2.300000 2.333333 2.366667 2.400000 2.433333 2.466667 2.500000 2.533333 2.566667 2.600000 2.633333
2.666667 2.700000 2.733333 2.766667 2.800000 2.833333 2.866667 2.900000 2.933333 2.966667 3.000000 3.033333 3.066667 3.100000 3.133333 3.166667
3.200000 3.233333 3.266667 3.300000 3.333333 3.366667 3.400000 3.433333 3.466667 3.500000 3.533333 3.566667 3.600000 3.633333 3.666667 3.700000
3.733333 3.766667 3.800000 3.833333 3.866667 3.900000 3.933333 3.966667 4.000000 4.033333 4.066667 4.100000 4.133333 4.166667 4.200000 4.233333
4.266667 4.300000 4.333333 4.366667 4.400000 4.433333 4.466667 4.500000 4.533333 4.566667 4.600000 4.633333 4.666667 4.700000 4.733333 4.766667
4.800000 4.833333 4.866667 4.900000 4.933333 4.966667 5.000000 5.033333 5.066667 5.100000 5.133333 5.166667 5.200000 5.233333 5.266667 5.300000
5.333333 5.366667 5.400000 5.433333 5.466667 5.500000 5.533333 5.566667 5.600000 5.633333 5.666667 5.700000 5.733333 5.766667 5.800000 5.833333
5.866667 5.900000 5.933333 5.966667 6.000000 6.033333 6.066667 6.100000 6.133333 6.166667 6.200000 6.233333 6.266667 6.300000 6.333333 6.366667
6.400000 6.433333 6.466667 6.500000 6.533333 6.566667 6.600000 6.633333 6.666667 6.700000 6.733333 6.766667 6.800000 6.833333 6.866667 6.900000
6.933333 6.966667 7.000000 7.033333 7.066667 7.100000 7.133333 7.166667 7.200000 7.233333 7.266667 7.300000 7.333333 7.366667 7.400000 7.433333
7.466667 7.500000 7.533333 7.566667 7.600000 7.633333 7.666667 7.700000 7.733333 7.766667 7.800000 7.833333 7.866667 7.900000 7.933333 7.966667
8.000000 8.033333 8.066667 8.100000 8.133333 8.166667 8.200000 8.233333</float_array><technique_common><accessor source="#mixamorig_Hips-Matrix-animation-input-array" count="248"><param name="TIME" type="float"/></accessor></technique_common></source><source id="mixamorig_Hips-Matrix-animation-output-transform"><float_array id="mixamorig_Hips-Matrix-animation-output-transform-array" count="3968">

0.973447 -0.025757 -0.227461 -0.247067 0.060092 0.987555 0.145343 79.885674 0.220886 -0.155152 0.962880 2.146735 0.000000 0.000000 0.000000 1.000000
0.974825 -0.002054 -0.222962 -0.053266 0.044284 0.981821 0.184573 78.883987 0.218530 -0.189800 0.957194 1.750704 0.000000 0.000000 0.000000 1.000000
0.973871 0.025730 -0.225640 0.264300 0.029213 0.971113 0.236824 78.071060 0.225216 -0.237227 0.944987 1.232522 0.000000 0.000000 0.000000 1.000000
0.967980 0.056784 -0.244521 0.670993 0.018647 0.955124 0.295620 77.374069 0.250334 -0.290713 0.923482 0.525482 0.000000 0.000000 0.000000 1.000000
0.955780 0.083516 -0.281975 1.098577 0.018954 0.939340 0.342464 76.775597 0.293471 -0.332664 0.896219 -0.312538 0.000000 0.000000 0.000000 1.000000
0.939167 0.102342 -0.327857 1.570829 0.025209 0.931460 0.362970 76.328255 0.342533 -0.349155 0.872217 -1.149990 0.000000 0.000000 0.000000 1.000000
0.922336 0.115373 -0.368763 2.143550 0.025082 0.934491 0.355102 76.214790 0.385575 -0.336772 0.859021 -1.865148 0.000000 0.000000 0.000000 1.000000
0.909533 0.125171 -0.396335 2.785942 0.011624 0.945541 0.325296 76.648155 0.415469 -0.300475 0.858546 -2.431596 0.000000 0.000000 0.000000 1.000000
0.898282 0.134059 -0.418470 3.412885 -0.010213 0.958438 0.285119 77.558945 0.439301 -0.251843 0.862317 -2.950556 0.000000 0.000000 0.000000 1.000000
0.888447 0.137393 -0.437933 3.867647 -0.030803 0.969843 0.241778 78.561462 0.457944 -0.201317 0.865886 -3.342608 0.000000 0.000000 0.000000 1.000000
0.883015 0.132134 -0.450361 4.042274 -0.044524 0.978808 0.199881 79.333130 0.467228 -0.156446 0.870185 -3.514727 0.000000 0.000000 0.000000 1.000000
0.883451 0.124507 -0.451678 3.926795 -0.055114 0.984968 0.163711 79.845978 0.465271 -0.119736 0.877032 -3.487640 0.000000 0.000000 0.000000 1.000000
0.887217 0.125251 -0.444025 3.535733 -0.070263 0.987899 0.138273 80.226334 0.455970 -0.091479 0.885281 -3.307625 0.000000 0.000000 0.000000 1.000000
0.890613 0.135308 -0.434167 2.886791 -0.088096 0.987959 0.127184 80.407310 0.446148 -0.075023 0.891809 -2.973719 0.000000 0.000000 0.000000 1.000000
0.893440 0.140350 -0.426692 2.042250 -0.093078 0.987161 0.129809 80.511002 0.439433 -0.076261 0.895033 -2.446393 0.000000 0.000000 0.000000 1.000000
0.898798 0.126258 -0.419786 1.115566 -0.072133 0.987168 0.142463 80.524666 0.432387 -0.097765 0.896373 -1.703275 0.000000 0.000000 0.000000 1.000000
0.908146 0.096341 -0.407417 0.211784 -0.031658 0.986179 0.162632 80.234184 0.417454 -0.134796 0.898645 -0.823053 0.000000 0.000000 0.000000 1.000000
0.920651 0.068275 -0.384371 -0.655008 0.007673 0.981233 0.192672 79.662392 0.390312 -0.180332 0.902849 0.065184 0.000000 0.000000 0.000000 1.000000
0.934748 0.054299 -0.351139 -1.548286 0.033332 0.970495 0.238808 78.863480 0.353745 -0.234929 0.905358 0.824014 0.000000 0.000000 0.000000 1.000000
0.947860 0.060763 -0.312841 -2.478719 0.038025 0.953078 0.300327 78.098839 0.316410 -0.296563 0.901074 1.335305 0.000000 0.000000 0.000000 1.000000
0.957991 0.077760 -0.276055 -3.417289 0.027698 0.932958 0.358918 77.560593 0.285457 -0.351487 0.891612 1.560268 0.000000 0.000000 0.000000 1.000000
0.965425 0.087487 -0.245563 -4.320685 0.015459 0.921129 0.388950 77.314804 0.260224 -0.379298 0.887928 1.511629 0.000000 0.000000 0.000000 1.000000
0.971943 0.082488 -0.220277 -5.097631 0.007473 0.925190 0.379430 77.358078 0.235097 -0.370430 0.898616 1.187611 0.000000 0.000000 0.000000 1.000000
0.978065 0.066965 -0.197245 -5.624558 0.003882 0.940891 0.338688 77.673607 0.208266 -0.332025 0.919992 0.600959 0.000000 0.000000 0.000000 1.000000
0.982968 0.047997 -0.177398 -5.829500 0.003924 0.959592 0.281369 78.153473 0.183734 -0.277273 0.943060 -0.162817 0.000000 0.000000 0.000000 1.000000
0.986050 0.026633 -0.164307 -5.833071 0.009910 0.975972 0.217669 78.696220 0.166156 -0.216260 0.962093 -0.953384 0.000000 0.000000 0.000000 1.000000
0.987433 0.005185 -0.157951 -5.783746 0.019526 0.987801 0.154492 79.290749 0.156825 -0.155635 0.975286 -1.638866 0.000000 0.000000 0.000000 1.000000
0.987615 -0.014083 -0.156264 -5.732106 0.029936 0.994580 0.099567 79.928856 0.154015 -0.103011 0.982684 -2.143534 0.000000 0.000000 0.000000 1.000000
0.987157 -0.029731 -0.156960 -5.636418 0.039620 0.997396 0.060257 80.556335 0.154759 -0.065702 0.985765 -2.426304 0.000000 0.000000 0.000000 1.000000
0.986423 -0.040827 -0.159070 -5.447234 0.047626 0.998097 0.039165 81.100990 0.157169 -0.046209 0.986490 -2.449142 0.000000 0.000000 0.000000 1.000000
0.985334 -0.046542 -0.164166 -5.153306 0.052671 0.998061 0.033175 81.512085 0.162303 -0.041335 0.985875 -2.161261 0.000000 0.000000 0.000000 1.000000
0.983491 -0.045566 -0.175128 -4.767435 0.053156 0.997828 0.038897 81.787148 0.172976 -0.047564 0.983777 -1.517045 0.000000 0.000000 0.000000 1.000000
0.980563 -0.036589 -0.192762 -4.307437 0.048835 0.997053 0.059163 81.964645 0.190029 -0.067427 0.979460 -0.519896 0.000000 0.000000 0.000000 1.000000
0.976839 -0.018845 -0.213144 -3.798232 0.041231 0.994024 0.101078 82.085991 0.209965 -0.107525 0.971778 0.752612 0.000000 0.000000 0.000000 1.000000
0.973468 0.007207 -0.228710 -3.278090 0.031609 0.985686 0.165600 82.119957 0.226629 -0.168435 0.959306 2.148230 0.000000 0.000000 0.000000 1.000000
0.971554 0.037262 -0.233867 -2.797944 0.020528 0.970575 0.239922 81.886391 0.235926 -0.237898 0.942202 3.431739 0.000000 0.000000 0.000000 1.000000
0.971220 0.061314 -0.230159 -2.341526 0.011661 0.952901 0.303056 81.536911 0.237900 -0.297018 0.924761 4.369138 0.000000 0.000000 0.000000 1.000000
0.972292 0.069253 -0.223276 -1.764589 0.010794 0.940794 0.338806 81.336914 0.233520 -0.331828 0.913980 4.769558 0.000000 0.000000 0.000000 1.000000
0.974419 0.057992 -0.217128 -1.010566 0.019974 0.939964 0.340689 81.327087 0.223850 -0.336311 0.914760 4.586314 0.000000 0.000000 0.000000 1.000000
0.976303 0.033695 -0.213770 -0.287664 0.034906 0.950351 0.309217 81.491127 0.213576 -0.309351 0.926654 3.921802 0.000000 0.000000 0.000000 1.000000
0.976701 0.009160 -0.214411 0.219299 0.045851 0.967113 0.250180 81.865334 0.209651 -0.254182 0.944160 2.990292 0.000000 0.000000 0.000000 1.000000
0.975371 -0.009333 -0.220373 0.516666 0.048657 0.983595 0.173703 82.290466 0.215137 -0.180148 0.959824 1.996407 0.000000 0.000000 0.000000 1.000000
0.972846 -0.022377 -0.230371 0.724448 0.045181 0.994528 0.094195 82.668449 0.227003 -0.102045 0.968533 1.065406 0.000000 0.000000 0.000000 1.000000
0.970094 -0.030678 -0.240781 0.912491 0.038739 0.998834 0.028813 82.822777 0.239617 -0.037279 0.970152 0.252604 0.000000 0.000000 0.000000 1.000000
0.967765 -0.033715 -0.249588 1.022981 0.032160 0.999430 -0.010304 82.829971 0.249793 0.001945 0.968297 -0.389303 0.000000 0.000000 0.000000 1.000000
0.965552 -0.032424 -0.258181 0.974899 0.027330 0.999355 -0.023293 82.798859 0.258770 0.015435 0.965816 -0.809294 0.000000 0.000000 0.000000 1.000000
0.962674 -0.029712 -0.269027 0.754635 0.025463 0.999490 -0.019272 82.778198 0.269463 0.011703 0.962940 -0.973890 0.000000 0.000000 0.000000 1.000000
0.959027 -0.028871 -0.281841 0.408606 0.028128 0.999582 -0.006680 82.844452 0.281916 -0.001521 0.959438 -0.856497 0.000000 0.000000 0.000000 1.000000
0.955880 -0.033762 -0.291811 -0.026252 0.039283 0.999142 0.013081 82.973389 0.291119 -0.023967 0.956386 -0.453587 0.000000 0.000000 0.000000 1.000000
0.954846 -0.045006 -0.293672 -0.530287 0.061192 0.997058 0.046159 82.940567 0.290731 -0.062045 0.954791 0.164938 0.000000 0.000000 0.000000 1.000000
0.956512 -0.053564 -0.286733 -1.052003 0.085840 0.991156 0.101196 82.421799 0.278777 -0.121408 0.952651 0.852052 0.000000 0.000000 0.000000 1.000000
0.960855 -0.046738 -0.273080 -1.610103 0.098515 0.978886 0.179099 81.808617 0.258943 -0.198991 0.945173 1.472215 0.000000 0.000000 0.000000 1.000000
0.966906 -0.024701 -0.253933 -2.207888 0.093754 0.960066 0.263599 81.323380 0.237281 -0.278683 0.930609 1.928248 0.000000 0.000000 0.000000 1.000000
0.972570 -0.003383 -0.232587 -2.863607 0.081558 0.941379 0.327344 81.035088 0.217845 -0.337334 0.915833 2.154934 0.000000 0.000000 0.000000 1.000000
0.976609 0.004460 -0.214975 -3.567280 0.072971 0.933577 0.350868 80.977211 0.202260 -0.358348 0.911415 2.135940 0.000000 0.000000 0.000000 1.000000
0.978971 -0.000595 -0.203998 -4.220541 0.069740 0.940722 0.331933 81.169571 0.191708 -0.339179 0.920981 1.850670 0.000000 0.000000 0.000000 1.000000
0.980102 -0.012757 -0.198086 -4.692355 0.069350 0.957052 0.281500 81.583412 0.185988 -0.289635 0.938893 1.296842 0.000000 0.000000 0.000000 1.000000
0.980731 -0.028346 -0.193297 -4.943360 0.070365 0.974265 0.214142 82.083115 0.182253 -0.223617 0.957486 0.540964 0.000000 0.000000 0.000000 1.000000
0.981483 -0.045321 -0.186110 -5.052298 0.072222 0.987456 0.140411 82.489311 0.177412 -0.151252 0.972444 -0.325070 0.000000 0.000000 0.000000 1.000000
0.982292 -0.061102 -0.177110 -5.109377 0.074114 0.994942 0.067804 82.703651 0.172072 -0.079729 0.981853 -1.221188 0.000000 0.000000 0.000000 1.000000
0.982452 -0.073290 -0.171513 -5.141223 0.075320 0.997145 0.005349 82.741844 0.170631 -0.018174 0.985167 -2.064308 0.000000 0.000000 0.000000 1.000000
0.981420 -0.081492 -0.173703 -5.129807 0.076121 0.996398 -0.037370 82.697983 0.176123 0.023453 0.984089 -2.747681 0.000000 0.000000 0.000000 1.000000
0.979532 -0.084606 -0.182646 -5.040859 0.075709 0.995603 -0.055159 82.649109 0.186509 0.040202 0.981630 -3.147720 0.000000 0.000000 0.000000 1.000000
0.977778 -0.079152 -0.194126 -4.848739 0.071270 0.996337 -0.047264 82.629631 0.197156 0.032378 0.979837 -3.149709 0.000000 0.000000 0.000000 1.000000
0.977057 -0.061419 -0.203930 -4.551127 0.059976 0.998112 -0.013252 82.636215 0.204359 0.000717 0.978896 -2.693877 0.000000 0.000000 0.000000 1.000000
0.977389 -0.031132 -0.209143 -4.180642 0.041879 0.998009 0.047155 82.603432 0.207259 -0.054847 0.976747 -1.848538 0.000000 0.000000 0.000000 1.000000
0.977467 0.006150 -0.211001 -3.799120 0.021685 0.991361 0.129353 82.397881 0.209973 -0.131014 0.968889 -0.814686 0.000000 0.000000 0.000000 1.000000
0.975324 0.039720 -0.217175 -3.471765 0.009241 0.975476 0.219911 81.983749 0.220583 -0.216491 0.951039 0.202250 0.000000 0.000000 0.000000 1.000000
0.969646 0.061470 -0.236661 -3.199461 0.012174 0.954546 0.297814 81.472298 0.244211 -0.291655 0.924823 1.093982 0.000000 0.000000 0.000000 1.000000
0.961056 0.069102 -0.267575 -2.826210 0.027984 0.938922 0.342992 81.246872 0.274934 -0.337122 0.900422 1.763126 0.000000 0.000000 0.000000 1.000000
0.952649 0.061218 -0.297847 -2.196388 0.047536 0.937497 0.344731 81.503563 0.300334 -0.342566 0.890195 2.047122 0.000000 0.000000 0.000000 1.000000
0.946740 0.040943 -0.319385 -1.362129 0.061186 0.950937 0.303274 82.026695 0.316132 -0.306663 0.897785 1.794638 0.000000 0.000000 0.000000 1.000000
0.941832 0.015534 -0.335725 -0.508138 0.065444 0.971333 0.228536 82.652260 0.329651 -0.237214 0.913816 1.045478 0.000000 0.000000 0.000000 1.000000
0.935361 -0.011454 -0.353509 0.221913 0.063560 0.988648 0.136144 83.159904 0.347936 -0.149813 0.925471 0.021393 0.000000 0.000000 0.000000 1.000000
0.927481 -0.039040 -0.371827 0.789227 0.059028 0.997350 0.042521 83.419373 0.369182 -0.061385 0.927328 -1.027278 0.000000 0.000000 0.000000 1.000000
0.920904 -0.062207 -0.384794 1.224429 0.052476 0.997982 -0.035748 83.312050 0.386242 0.012728 0.922310 -1.903652 0.000000 0.000000 0.000000 1.000000
0.918149 -0.074327 -0.389201 1.535964 0.044807 0.995424 -0.084397 83.055687 0.393693 0.060050 0.917279 -2.472995 0.000000 0.000000 0.000000 1.000000
0.919581 -0.074330 -0.385806 1.708981 0.038942 0.994350 -0.098753 82.905899 0.390966 0.075788 0.917279 -2.676561 0.000000 0.000000 0.000000 1.000000
0.923801 -0.067542 -0.376869 1.733299 0.037846 0.995605 -0.085661 82.883751 0.380998 0.064871 0.922297 -2.517371 0.000000 0.000000 0.000000 1.000000
0.929278 -0.060697 -0.364359 1.611682 0.042933 0.997470 -0.056666 82.960999 0.366877 0.037016 0.929533 -2.039372 0.000000 0.000000 0.000000 1.000000
0.935434 -0.056707 -0.348924 1.378015 0.054205 0.998386 -0.016941 83.051254 0.349321 -0.003067 0.936998 -1.316985 0.000000 0.000000 0.000000 1.000000
0.942064 -0.053861 -0.331079 1.132653 0.070932 0.996691 0.039686 82.659645 0.327847 -0.060870 0.942768 -0.461587 0.000000 0.000000 0.000000 1.000000
0.948115 -0.050420 -0.313904 0.916681 0.091948 0.988637 0.118922 81.829834 0.304341 -0.141614 0.941978 0.378126 0.000000 0.000000 0.000000 1.000000
0.952644 -0.047157 -0.300408 0.698168 0.114043 0.971201 0.209194 80.908241 0.281892 -0.233547 0.930587 1.073740 0.000000 0.000000 0.000000 1.000000
0.956935 -0.046012 -0.286634 0.422083 0.130964 0.949602 0.284789 80.204788 0.259084 -0.310063 0.914733 1.552150 0.000000 0.000000 0.000000 1.000000
0.963525 -0.050484 -0.262813 0.055454 0.137589 0.935765 0.324674 79.982765 0.229541 -0.348992 0.908579 1.783414 0.000000 0.000000 0.000000 1.000000
0.972571 -0.063141 -0.223871 -0.392065 0.134658 0.937611 0.320552 80.371902 0.189664 -0.341906 0.920396 1.739888 0.000000 0.000000 0.000000 1.000000
0.981343 -0.080693 -0.174515 -0.881127 0.127323 0.952868 0.275375 81.285385 0.144069 -0.292457 0.945364 1.397136 0.000000 0.000000 0.000000 1.000000
0.987741 -0.095317 -0.123619 -1.376218 0.119187 0.971913 0.202927 82.373611 0.100804 -0.215173 0.971359 0.784507 0.000000 0.000000 0.000000 1.000000
0.991781 -0.100867 -0.078722 -1.874117 0.109999 0.986428 0.121902 83.209846 0.065357 -0.129559 0.989415 0.002640 0.000000 0.000000 0.000000 1.000000
0.994323 -0.096098 -0.045689 -2.361258 0.098248 0.994033 0.047385 83.623650 0.040863 -0.051605 0.997831 -0.810096 0.000000 0.000000 0.000000 1.000000
0.995863 -0.086237 -0.028631 -2.799049 0.085980 0.996246 -0.010085 83.704849 0.029393 0.007581 0.999539 -1.510363 0.000000 0.000000 0.000000 1.000000
0.996653 -0.077080 -0.027217 -3.101499 0.075860 0.996177 -0.043330 83.450302 0.030453 0.041121 0.998690 -1.955861 0.000000 0.000000 0.000000 1.000000
0.996835 -0.070943 -0.035880 -3.296966 0.069067 0.996304 -0.051061 83.268051 0.039370 0.048421 0.998051 -2.082721 0.000000 0.000000 0.000000 1.000000
0.996625 -0.067074 -0.047326 -3.419069 0.065314 0.997148 -0.037814 83.247025 0.049727 0.034595 0.998164 -1.895087 0.000000 0.000000 0.000000 1.000000
0.996176 -0.064928 -0.058468 -3.483666 0.064552 0.997880 -0.008302 83.365486 0.058883 0.004496 0.998255 -1.452970 0.000000 0.000000 0.000000 1.000000
0.995305 -0.064022 -0.072590 -3.406370 0.066910 0.997032 0.038081 83.124924 0.069936 -0.042759 0.996635 -0.839589 0.000000 0.000000 0.000000 1.000000
0.993604 -0.063225 -0.093562 -3.209380 0.072879 0.991941 0.103642 82.427063 0.086255 -0.109798 0.990204 -0.177539 0.000000 0.000000 0.000000 1.000000
0.990999 -0.060279 -0.119526 -2.995042 0.081415 0.980162 0.180707 81.495224 0.106262 -0.188811 0.976247 0.432770 0.000000 0.000000 0.000000 1.000000
0.987844 -0.054090 -0.145732 -2.788686 0.089660 0.964107 0.249916 80.538872 0.126984 -0.259944 0.957238 0.944960 0.000000 0.000000 0.000000 1.000000
0.984060 -0.046273 -0.171710 -2.532018 0.096022 0.950961 0.294028 79.833069 0.149684 -0.305829 0.940246 1.348195 0.000000 0.000000 0.000000 1.000000
0.978876 -0.038547 -0.200788 -2.169847 0.100150 0.946579 0.306526 79.632126 0.178246 -0.320160 0.930444 1.650253 0.000000 0.000000 0.000000 1.000000
0.971727 -0.031031 -0.234060 -1.716892 0.099617 0.952655 0.287271 80.075584 0.214064 -0.302466 0.928812 1.831771 0.000000 0.000000 0.000000 1.000000
0.963005 -0.023531 -0.268456 -1.234928 0.090053 0.967014 0.238275 81.096962 0.253994 -0.253636 0.933358 1.867162 0.000000 0.000000 0.000000 1.000000
0.953457 -0.018624 -0.300952 -0.767274 0.071668 0.983485 0.166194 82.325249 0.292887 -0.180028 0.939046 1.783418 0.000000 0.000000 0.000000 1.000000
0.943371 -0.020013 -0.331135 -0.319627 0.050832 0.995111 0.084673 83.291809 0.327822 -0.096711 0.939777 1.650968 0.000000 0.000000 0.000000 1.000000
0.932493 -0.028125 -0.360092 0.087855 0.034487 0.999342 0.011254 83.782425 0.359538 -0.022913 0.932849 1.536807 0.000000 0.000000 0.000000 1.000000
0.920473 -0.039265 -0.388828 0.427471 0.026219 0.998903 -0.038804 83.722183 0.389925 0.025523 0.920493 1.492640 0.000000 0.000000 0.000000 1.000000
0.907577 -0.048125 -0.417120 0.660370 0.025276 0.997870 -0.060133 83.449760 0.419125 0.044032 0.906860 1.563323 0.000000 0.000000 0.000000 1.000000
0.894810 -0.050819 -0.443545 0.786709 0.026967 0.997839 -0.059923 83.296562 0.445632 0.041659 0.894247 1.757491 0.000000 0.000000 0.000000 1.000000
0.883308 -0.046777 -0.466453 0.827555 0.026908 0.998428 -0.049170 83.295784 0.468020 0.030880 0.883178 2.043751 0.000000 0.000000 0.000000 1.000000
0.874162 -0.037372 -0.484195 0.776461 0.025099 0.999179 -0.031807 83.391830 0.484986 0.015651 0.874382 2.376817 0.000000 0.000000 0.000000 1.000000
0.868392 -0.022489 -0.495368 0.628443 0.024111 0.999704 -0.003117 83.482903 0.495292 -0.009237 0.868677 2.698535 0.000000 0.000000 0.000000 1.000000
0.865793 0.000422 -0.500402 0.462184 0.024519 0.998763 0.043265 83.068764 0.499801 -0.049728 0.864712 2.935558 0.000000 0.000000 0.000000 1.000000
0.864419 0.032062 -0.501750 0.322451 0.024650 0.994062 0.105987 82.166565 0.502168 -0.103985 0.858495 3.103428 0.000000 0.000000 0.000000 1.000000
0.862489 0.066723 -0.501657 0.194284 0.023525 0.984913 0.171444 81.222366 0.505528 -0.159670 0.847907 3.272000 0.000000 0.000000 0.000000 1.000000
0.860267 0.093980 -0.501108 0.057661 0.021815 0.975179 0.220341 80.587296 0.509378 -0.200483 0.836864 3.458446 0.000000 0.000000 0.000000 1.000000
0.859952 0.105167 -0.499423 -0.113428 0.020351 0.970695 0.239450 80.483963 0.509970 -0.216079 0.832611 3.634394 0.000000 0.000000 0.000000 1.000000
0.864282 0.096655 -0.493634 -0.311204 0.019637 0.974133 0.225119 80.957733 0.502624 -0.204259 0.840028 3.759935 0.000000 0.000000 0.000000 1.000000
0.874534 0.069497 -0.479958 -0.484613 0.021123 0.983281 0.180865 81.816856 0.484503 -0.168310 0.858445 3.800699 0.000000 0.000000 0.000000 1.000000
0.888843 0.030371 -0.457205 -0.593682 0.026758 0.992658 0.117959 82.694305 0.457431 -0.117081 0.881504 3.749684 0.000000 0.000000 0.000000 1.000000
0.902865 -0.009746 -0.429814 -0.664527 0.036200 0.997916 0.053414 83.289993 0.428397 -0.063784 0.901336 3.641491 0.000000 0.000000 0.000000 1.000000
0.913122 -0.040812 -0.405638 -0.754251 0.045670 0.998954 0.002299 83.551491 0.405119 -0.020625 0.914031 3.534854 0.000000 0.000000 0.000000 1.000000
0.919196 -0.057203 -0.389624 -0.884939 0.050200 0.998343 -0.028143 83.589874 0.390588 0.006310 0.920544 3.477921 0.000000 0.000000 0.000000 1.000000
0.922553 -0.058424 -0.381423 -1.046084 0.047216 0.998135 -0.038687 83.473915 0.382972 0.017682 0.923591 3.479072 0.000000 0.000000 0.000000 1.000000
0.923948 -0.048635 -0.379413 -1.272627 0.038440 0.998668 -0.034403 83.454544 0.380581 0.017202 0.924587 3.522205 0.000000 0.000000 0.000000 1.000000
0.922468 -0.032245 -0.384724 -1.562288 0.026788 0.999450 -0.019538 83.496323 0.385143 0.007717 0.922825 3.556908 0.000000 0.000000 0.000000 1.000000
0.916724 -0.008885 -0.399423 -1.822530 0.012675 0.999896 0.006849 83.161942 0.399321 -0.011341 0.916741 3.524186 0.000000 0.000000 0.000000 1.000000
0.906606 0.024608 -0.421261 -2.011406 -0.004086 0.998763 0.049549 82.431610 0.421959 -0.043200 0.905585 3.440412 0.000000 0.000000 0.000000 1.000000
0.894674 0.066658 -0.441719 -2.131499 -0.020983 0.993984 0.107498 81.468300 0.446227 -0.086907 0.890690 3.364794 0.000000 0.000000 0.000000 1.000000
0.886006 0.106050 -0.451384 -2.193562 -0.033495 0.985588 0.165812 80.515396 0.462463 -0.131792 0.876789 3.339537 0.000000 0.000000 0.000000 1.000000
0.885957 0.127635 -0.445858 -2.154568 -0.038283 0.978230 0.203964 79.960953 0.462185 -0.163635 0.871555 3.372773 0.000000 0.000000 0.000000 1.000000
0.897295 0.122955 -0.423961 -1.976573 -0.033981 0.976815 0.211370 80.023880 0.440121 -0.175255 0.880670 3.451335 0.000000 0.000000 0.000000 1.000000
0.917860 0.093442 -0.385749 -1.687930 -0.020113 0.981594 0.189918 80.626434 0.396395 -0.166560 0.902845 3.538269 0.000000 0.000000 0.000000 1.000000
0.941143 0.047067 -0.334716 -1.331547 0.002741 0.989162 0.146800 81.611618 0.337998 -0.139077 0.930814 3.582514 0.000000 0.000000 0.000000 1.000000
0.961033 -0.004253 -0.276401 -0.939226 0.030917 0.995262 0.092183 82.621788 0.274699 -0.097137 0.956611 3.554519 0.000000 0.000000 0.000000 1.000000
0.975321 -0.047228 -0.215683 -0.538758 0.057095 0.997577 0.039743 83.351585 0.213283 -0.051077 0.975654 3.478747 0.000000 0.000000 0.000000 1.000000
0.984809 -0.073103 -0.157500 -0.156149 0.074543 0.997213 0.003244 83.744667 0.156824 -0.014935 0.987514 3.410722 0.000000 0.000000 0.000000 1.000000
0.990872 -0.083264 -0.106017 0.204322 0.082593 0.996526 -0.010703 83.877632 0.106540 0.001849 0.994307 3.399008 0.000000 0.000000 0.000000 1.000000
0.994328 -0.086388 -0.062043 0.555435 0.086159 0.996261 -0.006350 83.751839 0.062360 0.000969 0.998053 3.468841 0.000000 0.000000 0.000000 1.000000
0.995381 -0.092672 -0.025064 0.857545 0.092857 0.995660 0.006306 83.701454 0.024371 -0.008604 0.999666 3.620436 0.000000 0.000000 0.000000 1.000000
0.993951 -0.109765 0.003685 1.114110 0.109670 0.993764 0.020131 83.625137 -0.005872 -0.019605 0.999791 3.801990 0.000000 0.000000 0.000000 1.000000
0.989876 -0.140169 0.022320 1.314891 0.139336 0.989616 0.035307 83.366287 -0.027037 -0.031839 0.999127 3.953313 0.000000 0.000000 0.000000 1.000000
0.983344 -0.179152 0.030639 1.428930 0.177281 0.982588 0.055612 82.720055 -0.040068 -0.049254 0.997982 4.051213 0.000000 0.000000 0.000000 1.000000
0.975910 -0.216092 0.030052 1.394455 0.213153 0.973748 0.079882 81.978287 -0.046525 -0.071552 0.996351 4.108429 0.000000 0.000000 0.000000 1.000000
0.970889 -0.238568 0.021439 1.188140 0.235312 0.966687 0.100718 81.485855 -0.044753 -0.092741 0.994684 4.145681 0.000000 0.000000 0.000000 1.000000
0.971401 -0.237390 0.005124 0.809445 0.235366 0.965518 0.111255 81.461021 -0.031358 -0.106867 0.993779 4.200624 0.000000 0.000000 0.000000 1.000000
0.977438 -0.210667 -0.015336 0.284520 0.211073 0.971414 0.108639 81.895210 -0.007989 -0.109424 0.993963 4.297012 0.000000 0.000000 0.000000 1.000000
0.985403 -0.166876 -0.033675 -0.331971 0.169346 0.981100 0.093624 82.562691 0.017414 -0.097960 0.995038 4.404257 0.000000 0.000000 0.000000 1.000000
0.991419 -0.121922 -0.047160 -0.985734 0.125138 0.989479 0.072611 83.164856 0.037811 -0.077890 0.996245 4.476412 0.000000 0.000000 0.000000 1.000000
0.994305 -0.089190 -0.058333 -1.621596 0.092489 0.994107 0.056548 83.533142 0.052946 -0.061621 0.996694 4.501497 0.000000 0.000000 0.000000 1.000000
0.995077 -0.070132 -0.070026 -2.175144 0.073776 0.995976 0.050879 83.681931 0.066176 -0.055794 0.996247 4.480150 0.000000 0.000000 0.000000 1.000000
0.995130 -0.055197 -0.081671 -2.604644 0.059365 0.997007 0.049517 83.686684 0.078693 -0.054124 0.995429 4.422417 0.000000 0.000000 0.000000 1.000000
0.995133 -0.035134 -0.092064 -2.907337 0.039475 0.998172 0.045761 83.610519 0.090288 -0.049172 0.994701 4.364509 0.000000 0.000000 0.000000 1.000000
0.994639 -0.009790 -0.102947 -3.065251 0.014492 0.998881 0.045020 83.253281 0.102391 -0.046270 0.993667 4.337781 0.000000 0.000000 0.000000 1.000000
0.993165 0.013407 -0.115947 -3.086287 -0.006566 0.998226 0.059178 82.586197 0.116534 -0.058013 0.991491 4.339601 0.000000 0.000000 0.000000 1.000000
0.991243 0.027575 -0.129138 -2.963419 -0.016062 0.995870 0.089357 81.705124 0.131069 -0.086501 0.987592 4.332541 0.000000 0.000000 0.000000 1.000000
0.989392 0.030188 -0.142102 -2.698534 -0.012904 0.992567 0.121016 80.870422 0.144699 -0.117899 0.982427 4.304230 0.000000 0.000000 0.000000 1.000000
0.986559 0.024764 -0.161519 -2.317524 -0.002314 0.990467 0.137727 80.355331 0.163390 -0.135502 0.977212 4.310280 0.000000 0.000000 0.000000 1.000000
0.980453 0.016658 -0.196048 -1.870426 0.009927 0.990953 0.133842 80.312943 0.196504 -0.133172 0.971417 4.425014 0.000000 0.000000 0.000000 1.000000
0.969353 0.007633 -0.245553 -1.424893 0.021365 0.993111 0.115215 80.765594 0.244740 -0.116930 0.962512 4.647147 0.000000 0.000000 0.000000 1.000000
0.954227 -0.000770 -0.299081 -1.059068 0.029767 0.995276 0.092411 81.589371 0.297597 -0.097084 0.949742 4.898670 0.000000 0.000000 0.000000 1.000000
0.938956 -0.004495 -0.344008 -0.820146 0.031314 0.996881 0.072442 82.513962 0.342609 -0.078792 0.936168 5.099291 0.000000 0.000000 0.000000 1.000000
0.927488 -0.000894 -0.373851 -0.698760 0.023872 0.998098 0.056837 83.264252 0.373089 -0.061641 0.925746 5.213233 0.000000 0.000000 0.000000 1.000000
0.921139 0.008035 -0.389150 -0.655686 0.010107 0.998956 0.044548 83.722496 0.389102 -0.044968 0.920097 5.248732 0.000000 0.000000 0.000000 1.000000
0.918242 0.016831 -0.395661 -0.624733 -0.003901 0.999432 0.033462 83.815887 0.396000 -0.029183 0.917787 5.213997 0.000000 0.000000 0.000000 1.000000
0.915650 0.020121 -0.401473 -0.558057 -0.012378 0.999684 0.021871 83.691978 0.401787 -0.015057 0.915609 5.128970 0.000000 0.000000 0.000000 1.000000
0.911025 0.016626 -0.412016 -0.455983 -0.013038 0.999849 0.011520 83.597816 0.412146 -0.005123 0.911104 5.036442 0.000000 0.000000 0.000000 1.000000
0.904516 0.010193 -0.426318 -0.351030 -0.007486 0.999940 0.008026 83.509895 0.426374 -0.004069 0.904538 4.966930 0.000000 0.000000 0.000000 1.000000
0.898727 0.006191 -0.438465 -0.296715 0.001262 0.999860 0.016704 83.393448 0.438507 -0.015565 0.898593 4.934242 0.000000 0.000000 0.000000 1.000000
0.896313 0.007061 -0.443366 -0.309674 0.010667 0.999240 0.037480 83.250381 0.443294 -0.038323 0.895556 4.927855 0.000000 0.000000 0.000000 1.000000
0.897062 0.012516 -0.441728 -0.364922 0.017547 0.997802 0.063906 83.035278 0.441556 -0.065079 0.894870 4.924500 0.000000 0.000000 0.000000 1.000000
0.897770 0.021809 -0.439924 -0.432429 0.018648 0.995996 0.087431 82.720810 0.440069 -0.086697 0.893769 4.911707 0.000000 0.000000 0.000000 1.000000
0.895136 0.033162 -0.444559 -0.514073 0.013961 0.994655 0.102307 82.553131 0.445575 -0.097785 0.889888 4.903023 0.000000 0.000000 0.000000 1.000000
0.888754 0.042212 -0.456436 -0.579082 0.007411 0.994297 0.106384 82.601120 0.458324 -0.097932 0.883373 4.896028 0.000000 0.000000 0.000000 1.000000
0.881861 0.043893 -0.469463 -0.593976 0.003581 0.995006 0.099755 82.820953 0.471497 -0.089651 0.877299 4.891018 0.000000 0.000000 0.000000 1.000000
0.879549 0.036525 -0.474403 -0.541366 0.004223 0.996411 0.084544 83.100319 0.475789 -0.076364 0.876238 4.885377 0.000000 0.000000 0.000000 1.000000
0.885952 0.022646 -0.463223 -0.398363 0.008391 0.997861 0.064833 83.327522 0.463700 -0.061326 0.883867 4.871757 0.000000 0.000000 0.000000 1.000000
0.901414 0.005856 -0.432919 -0.123672 0.015131 0.998872 0.045018 83.444054 0.432694 -0.047131 0.900308 4.864059 0.000000 0.000000 0.000000 1.000000
0.921688 -0.012211 -0.387739 0.292720 0.024871 0.999308 0.027649 83.459518 0.387133 -0.035127 0.921354 4.910250 0.000000 0.000000 0.000000 1.000000
0.941933 -0.033249 -0.334151 0.817582 0.039683 0.999135 0.012443 83.413002 0.333448 -0.024981 0.942437 5.052072 0.000000 0.000000 0.000000 1.000000
0.959807 -0.063261 -0.273438 1.441792 0.064638 0.997901 -0.003981 83.276421 0.273116 -0.013853 0.961881 5.260346 0.000000 0.000000 0.000000 1.000000
0.972723 -0.109802 -0.204336 2.185720 0.106618 0.993945 -0.026564 82.897552 0.206016 0.004054 0.978540 5.431665 0.000000 0.000000 0.000000 1.000000
0.975727 -0.174821 -0.131887 2.983683 0.168859 0.984093 -0.055198 82.040962 0.139439 0.031588 0.989727 5.485665 0.000000 0.000000 0.000000 1.000000
0.965644 -0.250767 -0.068168 3.620055 0.245369 0.966235 -0.078642 80.555824 0.085587 0.059213 0.994570 5.454072 0.000000 0.000000 0.000000 1.000000
0.946387 -0.322448 -0.019482 3.840347 0.320038 0.944095 -0.079122 78.520416 0.043905 0.068645 0.996675 5.396462 0.000000 0.000000 0.000000 1.000000
0.927291 -0.373308 0.027799 3.643661 0.374223 0.926305 -0.043763 77.086655 -0.009413 0.050985 0.998655 5.335947 0.000000 0.000000 0.000000 1.000000
0.914665 -0.392698 0.095791 3.057999 0.391770 0.919603 0.029108 75.716446 -0.099520 0.010904 0.994976 5.255522 0.000000 0.000000 0.000000 1.000000
0.907324 -0.375842 0.188431 2.085722 0.357354 0.925522 0.125325 74.497360 -0.221500 -0.046374 0.974057 5.193435 0.000000 0.000000 0.000000 1.000000
0.902207 -0.317499 0.291920 0.798329 0.262801 0.941355 0.211627 73.644226 -0.341992 -0.114214 0.932736 5.201956 0.000000 0.000000 0.000000 1.000000
0.896295 -0.213677 0.388585 -0.693070 0.121395 0.961010 0.248440 73.018997 -0.426520 -0.175504 0.887288 5.232178 0.000000 0.000000 0.000000 1.000000
0.888273 -0.078781 0.452510 -2.208116 -0.025745 0.975093 0.220298 72.372749 -0.458594 -0.207335 0.864120 5.244429 0.000000 0.000000 0.000000 1.000000
0.887130 0.050369 0.458763 -3.533254 -0.135869 0.978478 0.155307 71.687996 -0.441067 -0.200109 0.874881 5.239358 0.000000 0.000000 0.000000 1.000000
0.903025 0.142345 0.405320 -4.584978 -0.196934 0.975695 0.096100 71.054642 -0.381790 -0.166602 0.909110 5.168373 0.000000 0.000000 0.000000 1.000000
0.930284 0.196517 0.309762 -5.336885 -0.225265 0.972475 0.059572 70.474380 -0.289529 -0.125198 0.948946 4.977922 0.000000 0.000000 0.000000 1.000000
0.954086 0.228050 0.194199 -5.725471 -0.239272 0.970281 0.036113 69.824448 -0.180192 -0.080921 0.980297 4.643372 0.000000 0.000000 0.000000 1.000000
0.966884 0.243847 0.075330 -5.668313 -0.245515 0.969298 0.013592 68.933411 -0.069703 -0.031636 0.997066 4.165340 0.000000 0.000000 0.000000 1.000000
0.969967 0.239538 -0.042254 -5.157406 -0.240209 0.970653 -0.011515 67.789642 0.038255 0.021319 0.999041 3.624843 0.000000 0.000000 0.000000 1.000000
0.964454 0.209858 -0.160584 -4.286479 -0.218871 0.974915 -0.040461 66.495560 0.148065 0.074170 0.986192 3.152624 0.000000 0.000000 0.000000 1.000000
0.948765 0.155780 -0.274915 -3.202716 -0.182730 0.980287 -0.075144 65.107018 0.257790 0.121530 0.958528 2.835981 0.000000 0.000000 0.000000 1.000000
0.924650 0.084974 -0.371218 -2.056924 -0.136094 0.984148 -0.113713 63.739410 0.355671 0.155665 0.921557 2.676214 0.000000 0.000000 0.000000 1.000000
0.899893 0.008106 -0.436035 -0.939336 -0.081302 0.985418 -0.149472 62.557735 0.428465 0.169960 0.887430 2.635917 0.000000 0.000000 0.000000 1.000000
0.883061 -0.067422 -0.464389 0.111156 -0.017657 0.984150 -0.176458 61.634430 0.468925 0.164022 0.867874 2.699656 0.000000 0.000000 0.000000 1.000000
0.876674 -0.139055 -0.460550 1.060155 0.053510 0.979560 -0.193903 60.905060 0.478100 0.145345 0.866196 2.856994 0.000000 0.000000 0.000000 1.000000
0.876402 -0.206549 -0.435037 1.798413 0.127254 0.970570 -0.204453 60.211765 0.464463 0.123823 0.876893 3.085704 0.000000 0.000000 0.000000 1.000000
0.877682 -0.266161 -0.398539 2.190498 0.195915 0.958204 -0.208475 59.401684 0.437370 0.104895 0.893143 3.381068 0.000000 0.000000 0.000000 1.000000
0.882081 -0.308496 -0.356038 2.177470 0.250935 0.947303 -0.199118 58.452110 0.398703 0.086296 0.913011 3.774547 0.000000 0.000000 0.000000 1.000000
0.893661 -0.328637 -0.305561 1.722314 0.289873 0.942565 -0.165969 57.368858 0.342554 0.059746 0.937596 4.272097 0.000000 0.000000 0.000000 1.000000
0.913389 -0.325534 -0.244434 0.904130 0.307592 0.945206 -0.109418 56.190918 0.266660 0.024755 0.963473 4.804039 0.000000 0.000000 0.000000 1.000000
0.937439 -0.303506 -0.170563 -0.165720 0.300086 0.952796 -0.046126 54.949589 0.176511 -0.007943 0.984267 5.268364 0.000000 0.000000 0.000000 1.000000
0.960789 -0.263930 -0.085007 -1.369933 0.265158 0.964199 0.003291 53.662090 0.081095 -0.025703 0.996375 5.631227 0.000000 0.000000 0.000000 1.000000
0.978457 -0.206383 0.005312 -2.611016 0.206146 0.978085 0.029225 52.390202 -0.011227 -0.027501 0.999559 5.921775 0.000000 0.000000 0.000000 1.000000
0.987159 -0.134023 0.086923 -3.770490 0.131509 0.990730 0.034057 51.304283 -0.090682 -0.022189 0.995633 6.125432 0.000000 0.000000 0.000000 1.000000
0.987919 -0.057741 0.143812 -4.796069 0.054606 0.998178 0.025658 50.512520 -0.145032 -0.017495 0.989272 6.170306 0.000000 0.000000 0.000000 1.000000
0.986219 0.012376 0.164981 -5.640309 -0.014537 0.999824 0.011895 50.060120 -0.164805 -0.014129 0.986225 6.010591 0.000000 0.000000 0.000000 1.000000
0.986048 0.071610 0.150273 -6.279990 -0.072002 0.997400 -0.002839 49.905357 -0.150085 -0.008020 0.988640 5.652190 0.000000 0.000000 0.000000 1.000000
0.986631 0.120213 0.110035 -6.678531 -0.118957 0.992737 -0.017935 50.015488 -0.111392 0.004606 0.993766 5.114064 0.000000 0.000000 0.000000 1.000000
0.985428 0.159582 0.058867 -6.775407 -0.157844 0.986909 -0.033113 50.405254 -0.063380 0.023339 0.997717 4.412628 0.000000 0.000000 0.000000 1.000000
0.982047 0.188506 0.006979 -6.539312 -0.187987 0.981067 -0.046560 51.009632 -0.015624 0.044412 0.998891 3.585176 0.000000 0.000000 0.000000 1.000000
0.978270 0.202555 -0.044262 -5.995746 -0.204952 0.977006 -0.058768 51.835659 0.031340 0.066562 0.997290 2.722097 0.000000 0.000000 0.000000 1.000000
0.974569 0.201324 -0.098408 -5.207004 -0.208845 0.975208 -0.073172 52.846764 0.081237 0.091863 0.992452 1.951092 0.000000 0.000000 0.000000 1.000000
0.969234 0.189283 -0.157345 -4.214476 -0.205130 0.974465 -0.091320 54.011955 0.136042 0.120787 0.983312 1.379078 0.000000 0.000000 0.000000 1.000000
0.960834 0.169268 -0.219421 -3.051518 -0.197281 0.973856 -0.112622 55.265690 0.194622 0.151499 0.969108 1.051926 0.000000 0.000000 0.000000 1.000000
0.949648 0.138859 -0.280867 -1.773699 -0.183287 0.973247 -0.138548 56.552792 0.254114 0.183051 0.949694 0.953732 0.000000 0.000000 0.000000 1.000000
0.937184 0.089424 -0.337178 -0.472486 -0.154945 0.972713 -0.172692 57.826103 0.312534 0.214088 0.925467 1.024869 0.000000 0.000000 0.000000 1.000000
0.923348 0.012700 -0.383755 0.804226 -0.102513 0.971327 -0.214511 59.050758 0.370027 0.237408 0.898175 1.239103 0.000000 0.000000 0.000000 1.000000
0.904877 -0.089965 -0.416058 1.975771 -0.021394 0.966564 -0.255530 60.181942 0.425136 0.240124 0.872697 1.651540 0.000000 0.000000 0.000000 1.000000
0.879911 -0.196721 -0.432502 2.944984 0.074310 0.956039 -0.283668 61.169281 0.469292 0.217464 0.855847 2.298891 0.000000 0.000000 0.000000 1.000000
0.858385 -0.271059 -0.435549 3.686721 0.149874 0.944476 -0.292409 62.109703 0.490625 0.185722 0.851348 3.087208 0.000000 0.000000 0.000000 1.000000
0.855691 -0.296863 -0.423869 4.171666 0.184868 0.940403 -0.285421 63.093193 0.483339 0.165873 0.859575 3.871143 0.000000 0.000000 0.000000 1.000000
0.873065 -0.286454 -0.394590 4.356672 0.187881 0.944387 -0.269877 64.214088 0.449953 0.161484 0.878331 4.559376 0.000000 0.000000 0.000000 1.000000
0.899726 -0.260785 -0.349978 4.241895 0.181186 0.952676 -0.244090 65.593773 0.397071 0.156203 0.904398 5.137659 0.000000 0.000000 0.000000 1.000000
0.926885 -0.227769 -0.298338 3.909837 0.172586 0.964450 -0.200124 67.393402 0.333314 0.134003 0.933244 5.663191 0.000000 0.000000 0.000000 1.000000
0.949183 -0.184075 -0.255281 3.464840 0.152068 0.978394 -0.140070 69.706711 0.275549 0.094132 0.956667 6.182089 0.000000 0.000000 0.000000 1.000000
0.962744 -0.132233 -0.235877 2.934061 0.116369 0.989977 -0.080019 72.511124 0.244094 0.049589 0.968483 6.686398 0.000000 0.000000 0.000000 1.000000
0.966529 -0.086136 -0.241664 2.303880 0.080056 0.996180 -0.034885 75.645035 0.243746 0.014371 0.969733 7.072255 0.000000 0.000000 0.000000 1.000000
0.964021 -0.059921 -0.258985 1.676160 0.059587 0.998181 -0.009147 78.755989 0.259062 -0.006614 0.965838 7.134500 0.000000 0.000000 0.000000 1.000000
0.961296 -0.051427 -0.270675 1.212590 0.053270 0.998580 -0.000537 82.962273 0.270318 -0.013903 0.962671 6.785049 0.000000 0.000000 0.000000 1.000000
0.961138 -0.052765 -0.270979 0.938469 0.054224 0.998527 -0.002104 86.135651 0.270691 -0.012671 0.962583 6.103932 0.000000 0.000000 0.000000 1.000000
0.962391 -0.055778 -0.265880 0.801046 0.056909 0.998373 -0.003457 88.196556 0.265641 -0.011804 0.964000 5.305997 0.000000 0.000000 0.000000 1.000000
0.963426 -0.057309 -0.261776 0.672691 0.060526 0.998158 0.004236 89.194344 0.261051 -0.019926 0.965119 4.585565 0.000000 0.000000 0.000000 1.000000
0.964089 -0.058003 -0.259167 0.481779 0.065928 0.997582 0.021986 89.343170 0.257266 -0.038283 0.965582 4.044988 0.000000 0.000000 0.000000 1.000000
0.964935 -0.060285 -0.255474 0.265126 0.073253 0.996448 0.041541 88.750046 0.252062 -0.058799 0.965923 3.655651 0.000000 0.000000 0.000000 1.000000
0.966204 -0.066439 -0.249068 0.082960 0.082655 0.995048 0.055212 87.409096 0.244167 -0.073933 0.966911 3.361971 0.000000 0.000000 0.000000 1.000000
0.967717 -0.071914 -0.241560 -0.095546 0.090640 0.993606 0.067309 85.293556 0.235175 -0.087032 0.968049 3.098768 0.000000 0.000000 0.000000 1.000000
0.969424 -0.064956 -0.236639 -0.261719 0.087960 0.992232 0.087976 83.177818 0.229086 -0.106100 0.967607 2.815288 0.000000 0.000000 0.000000 1.000000
0.971495 -0.047133 -0.232329 -0.312082 0.075411 0.990571 0.114375 81.296295 0.224747 -0.128635 0.965889 2.499452 0.000000 0.000000 0.000000 1.000000
