<?xml version="1.0" encoding="utf-8"?>
<COLLADA xmlns="http://www.collada.org/2005/11/COLLADASchema" version="1.4.1">
  <asset><contributor><author>Mixamo</author><authoring_tool>COLLADA Mixamo exporter</authoring_tool><comments></comments></contributor><created>2018-10-10T22:53:49Z</created><modified>2018-10-10T22:53:49Z</modified><revision></revision><title></title><unit meter="0.010000"/><up_axis>Y_UP</up_axis></asset>
  <library_animations>
    <animation id="mixamorig_Hips-anim" name="mixamorig_Hips"><source id="mixamorig_Hips-Matrix-animation-input"><float_array id="mixamorig_Hips-Matrix-animation-input-array" count="366">

0.000000 0.033333 0.066667 0.100000 0.133333 0.166667 0.200000 0.233333 0.266667 0.300000 0.333333 0.366667 0.400000 0.433333 0.466667 0.500000
0.533333 0.566667 0.600000 0.633333 0.666667 0.700000 0.733333 0.766667 0.800000 0.833333 0.866667 0.900000 0.933333 0.966667 1.000000 1.033333
1.066667 1.100000 1.133333 1.166667 1.200000 1.233333 1.266667 1.300000 1.333333 1.366667 1.400000 1.433333 1.466667 1.500000 1.533333 1.566667
1.600000 1.633333 1.666667 1.700000 1.733333 1.766667 1.800000 1.833333 1.866667 1.900000 1.933333 1.966667 2.000000 2.033333 2.066667 2.100000
2.133333 2.166667 2.200000 2.233333 2.266667 2.300000 2.333333 2.366667 2.400000 2.433333 2.466667 2.500000 2.533333 2.566667 2.600000 2.633333
2.666667 2.700000 2.733333 2.766667 2.800000 2.833333 2.866667 2.900000 2.933333 2.966667 3.000000 3.033333 3.066667 3.100000 3.133333 3.166667
3.200000 3.233333 3.266667 3.300000 3.333333 3.366667 3.400000 3.433333 3.466667 3.500000 3.533333 3.566667 3.600000 3.633333 3.666667 3.700000
3.733333 3.766667 3.800000 3.833333 3.866667 3.900000 3.933333 3.966667 4.000000 4.033333 4.066667 4.100000 4.133333 4.166667 4.200000 4.233333
4.266667 4.300000 4.333333 4.366667 4.400000 4.433333 4.466667 4.500000 4.533333 4.566667 4.600000 4.633333 4.666667 4.700000 4.733333 4.766667
4.800000 4.833333 4.866667 4.900000 4.933333 4.966667 5.000000 5.033333 5.066667 5.100000 5.133333 5.166667 5.200000 5.233333 5.266667 5.300000
5.333333 5.366667 5.400000 5.433333 5.466667 5.500000 5.533333 5.566667 5.600000 5.633333 5.666667 5.700000 5.733333 5.766667 5.800000 5.833333
5.866667 5.900000 5.933333 5.966667 6.000000 6.033333 6.066667 6.100000 6.133333 6.166667 6.200000 6.233333 6.266667 6.300000 6.333333 6.366667
6.400000 6.433333 6.466667 6.500000 6.533333 6.566667 6.600000 6.633333 6.666667 6.700000 6.733333 6.766667 6.800000 6.833333 6.866667 6.900000
6.933333 6.966667 7.000000 7.033333 7.066667 7.100000 7.133333 7.166667 7.200000 7.233333 7.266667 7.300000 7.333333 7.366667 7.400000 7.433333
7.466667 7.500000 7.533333 7.566667 7.600000 7.633333 7.666667 7.700000 7.733333 7.766667 7.800000 7.833333 7.866667 7.900000 7.933333 7.966667
8.000000 8.033333 8.066667 8.100000 8.133333 8.166667 8.200000 8.233333 8.266667 8.300000 8.333333 8.366667 8.400000 8.433333 8.466667 8.500000
8.533333 8.566667 8.600000 8.633333 8.666667 8.700000 8.733333 8.766667 8.800000 8.833333 8.866667 8.900000 8.933333 8.966667 9.000000 9.033333
9.066667 9.100000 9.133333 9.166667 9.200000 9.233333 9.266667 9.300000 9.333333 9.366667 9.400000 9.433333 9.466667 9.500000 9.533333 9.566667
9.600000 9.633333 9.666667 9.700000 9.733333 9.766667 9.800000 9.833333 9.866667 9.900000 9.933333 9.966667 10.000000 10.033333 10.066667 10.100000
10.133333 10.166667 10.200000 10.233333 10.266667 10.300000 10.333333 10.366667 10.400000 10.433333 10.466667 10.500000 10.533333 10.566667 10.600000 10.633333
10.666667 10.700000 10.733333 10.766667 10.800000 10.833333 10.866667 10.900000 10.933333 10.966667 11.000000 11.033333 11.066667 11.100000 11.133333 11.166667
11.200000 11.233333 11.266667 11.300000 11.333333 11.366667 11.400000 11.433333 11.466667 11.500000 11.533333 11.566667 11.600000 11.633333 11.666667 11.700000
11.733333 11.766667 11.800000 11.833333 11.866667 11.900000 11.933333 11.966667 12.000000 12.033333 12.066667 12.100000 12.133333 12.166667</float_array><technique_common><accessor source="#mixamorig_Hips-Matrix-animation-input-array" count="366"><param name="TIME" type="float"/></accessor></technique_common></source><source id="mixamorig_Hips-Matrix-animation-output-transform"><float_array id="mixamorig_Hips-Matrix-animation-output-transform-array" count="5856">

0.995974 0.058564 0.067873 -0.015192 -0.062640 0.996257 0.059567 190.644211 -0.064131 -0.063579 0.995914 -3.972321 0.000000 0.000000 0.000000 1.000000
0.997964 0.038396 0.050930 0.953581 -0.040869 0.997989 0.048447 191.966827 -0.048968 -0.050430 0.997526 1.196872 0.000000 0.000000 0.000000 1.000000
0.998399 0.022418 0.051940 0.048742 -0.024463 0.998937 0.039079 193.043732 -0.051009 -0.040287 0.997885 6.795063 0.000000 0.000000 0.000000 1.000000
0.999135 0.008221 0.040756 -0.670784 -0.009568 0.999410 0.032974 193.164474 -0.040461 -0.033336 0.998625 12.263365 0.000000 0.000000 0.000000 1.000000
0.999960 0.006971 0.005682 0.142915 -0.007137 0.999534 0.029685 192.776550 -0.005473 -0.029725 0.999543 17.624132 0.000000 0.000000 0.000000 1.000000
0.999359 0.025402 -0.025214 1.133627 -0.024711 0.999321 0.027332 191.718338 0.025892 -0.026692 0.999308 23.359550 0.000000 0.000000 0.000000 1.000000
0.997856 0.051890 -0.039885 1.904867 -0.050927 0.998395 0.024791 189.906342 0.041107 -0.022707 0.998897 29.288641 0.000000 0.000000 0.000000 1.000000
0.997179 0.063439 -0.040108 2.607956 -0.062340 0.997660 0.028076 188.214081 0.041795 -0.025496 0.998801 35.761059 0.000000 0.000000 0.000000 1.000000
0.998086 0.052641 -0.032442 3.287018 -0.051485 0.998043 0.035497 187.042236 0.034247 -0.033759 0.998843 42.812260 0.000000 0.000000 0.000000 1.000000
0.999197 0.033464 -0.022042 3.936789 -0.032460 0.998486 0.044416 186.176147 0.023495 -0.043665 0.998770 49.966404 0.000000 0.000000 0.000000 1.000000
0.999963 0.002548 -0.008220 4.534125 -0.002101 0.998541 0.053949 186.285477 0.008345 -0.053930 0.998510 56.790619 0.000000 0.000000 0.000000 1.000000
0.999737 -0.022167 0.005866 5.209141 0.021754 0.997781 0.062921 186.171906 -0.007247 -0.062777 0.998001 63.699188 0.000000 0.000000 0.000000 1.000000
0.998648 -0.047685 0.020683 5.914159 0.046083 0.996339 0.072002 185.981827 -0.024041 -0.070952 0.997190 70.651932 0.000000 0.000000 0.000000 1.000000
0.996747 -0.071814 0.036590 6.680818 0.068684 0.994376 0.080621 185.880417 -0.042174 -0.077846 0.996073 77.495583 0.000000 0.000000 0.000000 1.000000
0.994630 -0.088146 0.054236 7.579625 0.083268 0.992772 0.086433 185.910278 -0.061463 -0.081453 0.994780 83.867935 0.000000 0.000000 0.000000 1.000000
0.993092 -0.085489 0.080371 8.633432 0.078836 0.993459 0.082603 186.281097 -0.086907 -0.075696 0.993336 89.012444 0.000000 0.000000 0.000000 1.000000
0.990050 -0.065156 0.124725 9.459995 0.056384 0.995765 0.072611 187.473083 -0.128928 -0.064856 0.989531 93.951553 0.000000 0.000000 0.000000 1.000000
0.983908 -0.042987 0.173429 10.076779 0.032614 0.997529 0.062226 188.721252 -0.175675 -0.055568 0.982879 98.662102 0.000000 0.000000 0.000000 1.000000
0.974105 -0.026526 0.224535 10.487120 0.015953 0.998682 0.048776 189.677063 -0.225533 -0.043931 0.973245 103.427689 0.000000 0.000000 0.000000 1.000000
0.957761 -0.012595 0.287288 10.807025 0.001649 0.999265 0.038310 190.511948 -0.287559 -0.036218 0.957078 108.581459 0.000000 0.000000 0.000000 1.000000
0.934849 -0.004603 0.355017 11.342689 -0.009277 0.999258 0.037385 191.113388 -0.354925 -0.038243 0.934112 114.089882 0.000000 0.000000 0.000000 1.000000
0.910390 -0.005001 0.413721 12.092547 -0.009082 0.999444 0.032067 190.924850 -0.413651 -0.032951 0.909839 119.720497 0.000000 0.000000 0.000000 1.000000
0.886280 -0.011873 0.462998 13.039847 0.003184 0.999804 0.019543 189.937973 -0.463139 -0.015846 0.886144 125.444298 0.000000 0.000000 0.000000 1.000000
0.862787 -0.023811 0.505007 14.372763 0.020062 0.999716 0.012861 188.528458 -0.505170 -0.000965 0.863019 131.368896 0.000000 0.000000 0.000000 1.000000
0.841227 -0.034642 0.539571 16.180120 0.033093 0.999373 0.012569 187.099365 -0.539668 0.007282 0.841846 137.565475 0.000000 0.000000 0.000000 1.000000
0.824173 -0.035064 0.565252 18.511915 0.026808 0.999378 0.022906 186.172882 -0.565704 -0.003725 0.824600 144.086517 0.000000 0.000000 0.000000 1.000000
0.810182 -0.021101 0.585798 21.530602 -0.002464 0.999220 0.039402 185.824554 -0.586173 -0.033366 0.809499 151.145920 0.000000 0.000000 0.000000 1.000000
0.794401 0.007650 0.607345 25.050148 -0.041256 0.998291 0.041388 185.718597 -0.605991 -0.057936 0.793359 158.521027 0.000000 0.000000 0.000000 1.000000
0.773980 0.039356 0.631986 28.457478 -0.077906 0.996402 0.033361 185.484497 -0.628400 -0.075056 0.774261 165.622543 0.000000 0.000000 0.000000 1.000000
0.747672 0.063634 0.661013 31.360434 -0.120293 0.991909 0.040575 185.270462 -0.653082 -0.109852 0.749277 171.641464 0.000000 0.000000 0.000000 1.000000
0.715710 0.070676 0.694812 33.944740 -0.161527 0.984644 0.066227 185.238907 -0.679462 -0.159630 0.716135 176.538681 0.000000 0.000000 0.000000 1.000000
0.677475 0.060736 0.733034 36.282940 -0.182677 0.979254 0.087695 185.168381 -0.712500 -0.193320 0.674515 180.843689 0.000000 0.000000 0.000000 1.000000
0.635563 0.044824 0.770746 38.698833 -0.186884 0.977556 0.097255 185.206726 -0.749088 -0.205852 0.629676 185.000305 0.000000 0.000000 0.000000 1.000000
0.598508 0.028079 0.800624 41.694027 -0.182655 0.977846 0.102250 186.094879 -0.780016 -0.207435 0.590377 189.231918 0.000000 0.000000 0.000000 1.000000
0.563961 0.010590 0.825733 45.069546 -0.167386 0.980627 0.101745 187.713211 -0.808659 -0.195596 0.554808 193.293930 0.000000 0.000000 0.000000 1.000000
0.531050 -0.006768 0.847314 48.528080 -0.140573 0.985408 0.095974 189.122711 -0.835599 -0.170076 0.522349 196.916733 0.000000 0.000000 0.000000 1.000000
0.511055 -0.017253 0.859375 52.002460 -0.109740 0.990307 0.085142 189.951508 -0.852514 -0.137820 0.504208 200.242844 0.000000 0.000000 0.000000 1.000000
0.504504 -0.019232 0.863195 55.580471 -0.082752 0.994072 0.070514 190.450821 -0.859435 -0.107005 0.499922 203.506912 0.000000 0.000000 0.000000 1.000000
0.503346 -0.012460 0.863995 59.285431 -0.071895 0.995825 0.056246 190.456009 -0.861089 -0.090428 0.500349 206.883499 0.000000 0.000000 0.000000 1.000000
0.502432 0.002261 0.864614 63.365219 -0.082979 0.995507 0.045616 189.222702 -0.860625 -0.094663 0.500362 210.435959 0.000000 0.000000 0.000000 1.000000
0.494872 0.015283 0.868831 67.831795 -0.093915 0.994929 0.035992 187.764420 -0.863876 -0.099407 0.493798 213.827881 0.000000 0.000000 0.000000 1.000000
0.477561 0.022164 0.878319 72.773209 -0.099011 0.994671 0.028734 186.159592 -0.873002 -0.100686 0.477211 217.421021 0.000000 0.000000 0.000000 1.000000
0.454529 0.011512 0.890657 78.067398 -0.085013 0.995913 0.030513 184.828812 -0.886666 -0.089587 0.453650 221.434387 0.000000 0.000000 0.000000 1.000000
0.433021 -0.009619 0.901332 83.900223 -0.046887 0.998349 0.033179 184.141403 -0.900164 -0.056628 0.431855 225.678024 0.000000 0.000000 0.000000 1.000000
0.411680 -0.031991 0.910767 90.456665 -0.010072 0.999163 0.039649 184.020813 -0.911273 -0.025496 0.411013 229.992493 0.000000 0.000000 0.000000 1.000000
0.386691 -0.053470 0.920658 97.404007 0.012760 0.998532 0.052634 184.355118 -0.922121 -0.008606 0.386806 233.984955 0.000000 0.000000 0.000000 1.000000
0.359421 -0.072049 0.930390 103.848831 0.031650 0.997383 0.065010 184.800018 -0.932638 0.006081 0.360761 237.262070 0.000000 0.000000 0.000000 1.000000
0.336866 -0.092196 0.937028 109.502953 0.053127 0.995470 0.078847 184.825714 -0.940053 0.023221 0.340238 240.124847 0.000000 0.000000 0.000000 1.000000
0.323009 -0.120375 0.938709 114.696449 0.072870 0.992097 0.102147 184.501709 -0.943586 0.035410 0.329228 242.801178 0.000000 0.000000 0.000000 1.000000
0.305425 -0.138814 0.942044 119.369499 0.079568 0.989578 0.120021 184.526016 -0.948886 0.038299 0.313287 245.268478 0.000000 0.000000 0.000000 1.000000
0.263512 -0.115782 0.957683 123.396065 0.072454 0.992342 0.100036 185.336670 -0.961931 0.043027 0.269883 247.673096 0.000000 0.000000 0.000000 1.000000
0.197017 -0.076705 0.977395 127.155312 0.057664 0.996115 0.066551 186.491516 -0.978703 0.043249 0.200675 250.242920 0.000000 0.000000 0.000000 1.000000
0.134081 -0.057895 0.989278 131.295532 0.038138 0.997854 0.053228 187.833817 -0.990236 0.030593 0.136001 253.124359 0.000000 0.000000 0.000000 1.000000
0.080377 -0.043151 0.995830 135.806702 0.019585 0.998938 0.041705 189.132202 -0.996572 0.016151 0.081137 256.158203 0.000000 0.000000 0.000000 1.000000
0.020758 -0.030030 0.999333 140.201889 0.003000 0.999546 0.029974 190.113464 -0.999780 0.002376 0.020838 259.113068 0.000000 0.000000 0.000000 1.000000
-0.035640 -0.027816 0.998978 144.598633 -0.010680 0.999566 0.027451 190.750793 -0.999308 -0.009690 -0.035921 261.890076 0.000000 0.000000 0.000000 1.000000
-0.072256 -0.026030 0.997046 149.507019 -0.015407 0.999569 0.024979 190.517380 -0.997267 -0.013557 -0.072626 264.528076 0.000000 0.000000 0.000000 1.000000
-0.094344 -0.016529 0.995402 154.951996 -0.007597 0.999845 0.015883 189.332153 -0.995511 -0.006064 -0.094455 266.995636 0.000000 0.000000 0.000000 1.000000
-0.113031 -0.003844 0.993584 160.597809 0.008630 0.999951 0.004850 187.800797 -0.993554 0.009123 -0.112992 269.304382 0.000000 0.000000 0.000000 1.000000
-0.136439 0.000118 0.990648 166.666916 0.025092 0.999680 0.003336 186.095871 -0.990331 0.025312 -0.136398 271.647797 0.000000 0.000000 0.000000 1.000000
-0.160488 -0.007231 0.987011 173.152573 0.022319 0.999691 0.010953 185.227722 -0.986785 0.023787 -0.160277 273.857788 0.000000 0.000000 0.000000 1.000000
-0.171001 -0.012647 0.985190 180.611954 -0.002993 0.999920 0.012317 184.871628 -0.985266 -0.000842 -0.171025 275.771484 0.000000 0.000000 0.000000 1.000000
-0.164795 -0.012338 0.986251 188.776230 -0.041232 0.999134 0.005610 184.934402 -0.985466 -0.039741 -0.165161 277.340302 0.000000 0.000000 0.000000 1.000000
-0.154210 -0.018859 0.987858 196.835251 -0.076034 0.997079 0.007166 184.823807 -0.985108 -0.074006 -0.155194 278.775604 0.000000 0.000000 0.000000 1.000000
-0.147486 -0.039930 0.988258 204.052811 -0.106763 0.993989 0.024229 184.833893 -0.983285 -0.101936 -0.150862 280.119598 0.000000 0.000000 0.000000 1.000000
-0.148118 -0.064515 0.986863 210.193329 -0.131421 0.990304 0.045015 184.837326 -0.980199 -0.123027 -0.155160 281.326447 0.000000 0.000000 0.000000 1.000000
-0.157059 -0.083796 0.984028 215.728104 -0.146378 0.987364 0.060717 184.849762 -0.976681 -0.134504 -0.167340 282.444519 0.000000 0.000000 0.000000 1.000000
-0.167824 -0.093284 0.981394 220.977142 -0.153609 0.985828 0.067438 185.059723 -0.973776 -0.139433 -0.179775 283.388824 0.000000 0.000000 0.000000 1.000000
-0.170654 -0.087630 0.981427 225.939972 -0.148163 0.986995 0.062364 185.542831 -0.974128 -0.134769 -0.181418 284.000732 0.000000 0.000000 0.000000 1.000000
-0.162228 -0.072210 0.984108 230.813705 -0.128836 0.990331 0.051429 186.524902 -0.978306 -0.118445 -0.169963 284.305542 0.000000 0.000000 0.000000 1.000000
-0.145062 -0.060490 0.987572 235.787155 -0.106122 0.993323 0.045255 187.888474 -0.983715 -0.098238 -0.150512 284.380066 0.000000 0.000000 0.000000 1.000000
-0.122170 -0.058739 0.990769 240.949005 -0.083383 0.995326 0.048727 189.145691 -0.989000 -0.076660 -0.126497 284.304077 0.000000 0.000000 0.000000 1.000000
-0.093564 -0.060560 0.993770 246.419434 -0.059280 0.996716 0.055159 189.831360 -0.993847 -0.053750 -0.096847 284.145142 0.000000 0.000000 0.000000 1.000000
-0.056050 -0.058757 0.996698 252.333466 -0.039979 0.997598 0.056562 189.903885 -0.997627 -0.036677 -0.058265 283.877502 0.000000 0.000000 0.000000 1.000000
-0.012766 -0.053755 0.998473 258.616547 -0.034747 0.997975 0.053284 189.448914 -0.999315 -0.034014 -0.014608 283.599854 0.000000 0.000000 0.000000 1.000000
0.024912 -0.044913 0.998680 265.346588 -0.042535 0.998038 0.045945 188.039490 -0.998784 -0.043623 0.022952 283.481415 0.000000 0.000000 0.000000 1.000000
0.050141 -0.033418 0.998183 272.188629 -0.049494 0.998129 0.035902 186.298828 -0.997515 -0.051204 0.048393 283.539276 0.000000 0.000000 0.000000 1.000000
0.061545 -0.035578 0.997470 279.227448 -0.041781 0.998397 0.038189 184.806931 -0.997229 -0.044026 0.059960 283.860535 0.000000 0.000000 0.000000 1.000000
0.058443 -0.049523 0.997062 286.986938 -0.018002 0.998554 0.050653 183.803192 -0.998128 -0.020909 0.057467 284.397461 0.000000 0.000000 0.000000 1.000000
0.044935 -0.053739 0.997543 295.484436 0.018344 0.998428 0.052960 183.487976 -0.998821 0.015920 0.045850 284.936157 0.000000 0.000000 0.000000 1.000000
0.029800 -0.053294 0.998134 304.292603 0.051543 0.997331 0.051712 183.101334 -0.998226 0.049906 0.032467 285.215881 0.000000 0.000000 0.000000 1.000000
0.018702 -0.067123 0.997569 312.453918 0.080212 0.994629 0.065422 183.148102 -0.996602 0.078794 0.023985 285.310272 0.000000 0.000000 0.000000 1.000000
0.015105 -0.092903 0.995561 319.468475 0.107537 0.990050 0.090757 183.220215 -0.994086 0.105688 0.024945 285.338501 0.000000 0.000000 0.000000 1.000000
0.013443 -0.107830 0.994078 325.603638 0.129336 0.986004 0.105205 182.872391 -0.991510 0.127155 0.027201 285.326477 0.000000 0.000000 0.000000 1.000000
0.001404 -0.098596 0.995127 331.361023 0.136753 0.985797 0.097479 182.858749 -0.990604 0.135950 0.014868 285.361847 0.000000 0.000000 0.000000 1.000000
-0.023882 -0.077575 0.996700 336.975586 0.123273 0.989148 0.079941 183.836487 -0.992085 0.124775 -0.014060 285.575317 0.000000 0.000000 0.000000 1.000000
-0.053940 -0.062660 0.996576 342.447632 0.096208 0.993060 0.067646 185.221344 -0.993899 0.099527 -0.047537 286.013947 0.000000 0.000000 0.000000 1.000000
-0.089755 -0.056918 0.994336 348.008820 0.065572 0.995862 0.062924 186.452942 -0.993803 0.070848 -0.085652 286.664001 0.000000 0.000000 0.000000 1.000000
-0.135879 -0.048611 0.989532 353.677002 0.039426 0.997739 0.054428 187.590469 -0.989941 0.046409 -0.133656 287.447754 0.000000 0.000000 0.000000 1.000000
-0.185833 -0.035580 0.981937 359.341766 0.024659 0.998861 0.040860 188.492462 -0.982272 0.031807 -0.184744 288.292542 0.000000 0.000000 0.000000 1.000000
-0.232477 -0.020460 0.972387 365.152344 0.023415 0.999371 0.026626 188.713776 -0.972320 0.028959 -0.231852 289.081879 0.000000 0.000000 0.000000 1.000000
-0.270827 -0.000959 0.962628 371.256409 0.031582 0.999452 0.009881 187.892883 -0.962110 0.033078 -0.270649 289.767273 0.000000 0.000000 0.000000 1.000000
-0.294849 0.010697 0.955484 377.569916 0.042874 0.999078 0.002045 186.429047 -0.954581 0.041569 -0.295036 290.415466 0.000000 0.000000 0.000000 1.000000
-0.306715 0.003018 0.951797 384.175140 0.053645 0.998460 0.014121 184.610474 -0.950288 0.055391 -0.306405 290.938721 0.000000 0.000000 0.000000 1.000000
-0.310971 -0.011117 0.950354 391.207184 0.056846 0.997924 0.030275 182.933487 -0.948718 0.063439 -0.309693 291.030304 0.000000 0.000000 0.000000 1.000000
-0.306057 -0.020441 0.951794 398.927399 0.039211 0.998650 0.034056 181.951477 -0.951205 0.047744 -0.304843 290.663025 0.000000 0.000000 0.000000 1.000000
-0.291293 -0.027323 0.956244 407.363190 0.000828 0.999584 0.028814 181.473526 -0.956634 0.009185 -0.291149 290.099579 0.000000 0.000000 0.000000 1.000000
-0.274579 -0.037387 0.960837 415.977997 -0.038872 0.998859 0.027758 181.338425 -0.960778 -0.029728 -0.275719 289.495056 0.000000 0.000000 0.000000 1.000000
-0.264989 -0.060427 0.962356 423.756531 -0.075421 0.996276 0.041789 181.350281 -0.961297 -0.061508 -0.268560 289.002380 0.000000 0.000000 0.000000 1.000000
-0.265349 -0.095054 0.959455 430.458801 -0.111175 0.991507 0.067482 181.459457 -0.957721 -0.088761 -0.273663 288.627411 0.000000 0.000000 0.000000 1.000000
-0.271299 -0.125446 0.954285 436.557068 -0.136284 0.986487 0.090934 181.714249 -0.952798 -0.105384 -0.284730 288.394257 0.000000 0.000000 0.000000 1.000000
-0.275675 -0.138880 0.951165 442.318878 -0.144678 0.984231 0.101776 182.262497 -0.950301 -0.109555 -0.291421 288.204529 0.000000 0.000000 0.000000 1.000000
-0.271601 -0.133724 0.953074 447.687927 -0.135219 0.985779 0.099779 183.250153 -0.952863 -0.101773 -0.285821 287.773224 0.000000 0.000000 0.000000 1.000000
-0.257139 -0.122770 0.958544 452.720520 -0.112791 0.988931 0.096404 184.444565 -0.959770 -0.083326 -0.268140 286.990326 0.000000 0.000000 0.000000 1.000000
-0.231355 -0.117119 0.965794 457.698700 -0.085765 0.991318 0.099669 185.674072 -0.969082 -0.059772 -0.239391 285.993164 0.000000 0.000000 0.000000 1.000000
-0.192697 -0.115063 0.974489 462.775726 -0.057739 0.992710 0.105797 186.810547 -0.979558 -0.035879 -0.197936 284.820404 0.000000 0.000000 0.000000 1.000000
-0.142706 -0.110754 0.983549 467.966156 -0.031890 0.993718 0.107272 187.542877 -0.989251 -0.016057 -0.145342 283.449707 0.000000 0.000000 0.000000 1.000000
-0.085389 -0.108151 0.990460 473.268585 -0.019597 0.994081 0.106857 187.856613 -0.996155 -0.010286 -0.087004 282.110657 0.000000 0.000000 0.000000 1.000000
-0.027623 -0.110284 0.993516 478.847198 -0.027948 0.993592 0.109515 187.337982 -0.999228 -0.024742 -0.030528 280.854431 0.000000 0.000000 0.000000 1.000000
0.019977 -0.111339 0.993582 484.505646 -0.037666 0.992991 0.112030 186.581055 -0.999091 -0.039663 0.015644 279.752625 0.000000 0.000000 0.000000 1.000000
0.056081 -0.108178 0.992548 490.336182 -0.046661 0.992743 0.110836 185.421799 -0.997335 -0.052529 0.050626 278.664398 0.000000 0.000000 0.000000 1.000000
0.085439 -0.105192 0.990775 496.611053 -0.052911 0.992529 0.109941 183.803802 -0.994937 -0.061816 0.079235 277.494110 0.000000 0.000000 0.000000 1.000000
0.104694 -0.112507 0.988120 502.937531 -0.037530 0.992426 0.116973 183.244003 -0.993796 -0.049330 0.099678 276.542267 0.000000 0.000000 0.000000 1.000000
0.114806 -0.120998 0.985991 510.105591 -0.013458 0.992274 0.123336 182.873932 -0.993297 -0.027430 0.112290 275.574921 0.000000 0.000000 0.000000 1.000000
0.115993 -0.120984 0.985854 517.584167 0.015211 0.992654 0.120029 182.745590 -0.993134 0.001074 0.116981 274.478699 0.000000 0.000000 0.000000 1.000000
0.112295 -0.121426 0.986228 524.536316 0.047542 0.992026 0.116727 182.466843 -0.992537 0.033779 0.117172 273.206573 0.000000 0.000000 0.000000 1.000000
0.112203 -0.137905 0.984069 530.568848 0.091536 0.987547 0.127955 182.548965 -0.989460 0.075721 0.123429 272.174530 0.000000 0.000000 0.000000 1.000000
0.110571 -0.161225 0.980704 535.579285 0.133222 0.980254 0.146130 182.382904 -0.984899 0.114494 0.129866 271.566772 0.000000 0.000000 0.000000 1.000000
0.093274 -0.169383 0.981126 539.833313 0.155657 0.975786 0.153663 181.560272 -0.983398 0.138386 0.117381 271.173553 0.000000 0.000000 0.000000 1.000000
0.062052 -0.161663 0.984893 543.621460 0.172549 0.973674 0.148951 180.833176 -0.983044 0.160699 0.088314 270.955353 0.000000 0.000000 0.000000 1.000000
0.033750 -0.145559 0.988774 547.049927 0.193371 0.971594 0.136430 180.577286 -0.980545 0.186596 0.060938 271.042511 0.000000 0.000000 0.000000 1.000000
0.018051 -0.128561 0.991537 550.222656 0.212734 0.969485 0.121829 180.350067 -0.976943 0.208734 0.044849 271.319641 0.000000 0.000000 0.000000 1.000000
0.004377 -0.117716 0.993038 553.275269 0.227963 0.967017 0.113627 180.229187 -0.973660 0.225878 0.031068 271.635132 0.000000 0.000000 0.000000 1.000000
-0.025382 -0.110898 0.993508 556.292542 0.234801 0.965364 0.113755 180.461670 -0.971712 0.236164 0.001536 272.305176 0.000000 0.000000 0.000000 1.000000
-0.079441 -0.099567 0.991855 559.320435 0.225306 0.967458 0.115164 181.344589 -0.971044 0.232619 -0.054423 273.653656 0.000000 0.000000 0.000000 1.000000
-0.152742 -0.080904 0.984949 562.451355 0.197687 0.973999 0.110661 182.925278 -0.968292 0.211614 -0.132777 275.629120 0.000000 0.000000 0.000000 1.000000
-0.238859 -0.066789 0.968755 565.762573 0.156372 0.981966 0.106256 185.087952 -0.958381 0.176867 -0.224108 278.021545 0.000000 0.000000 0.000000 1.000000
-0.338298 -0.066667 0.938674 569.286987 0.106983 0.988296 0.108747 187.498383 -0.934938 0.137211 -0.327207 280.675659 0.000000 0.000000 0.000000 1.000000
-0.446477 -0.075809 0.891578 572.940796 0.056416 0.992037 0.112602 189.628281 -0.893015 0.100573 -0.438645 283.425690 0.000000 0.000000 0.000000 1.000000
-0.543010 -0.085116 0.835402 576.394470 0.012516 0.993919 0.109402 191.091370 -0.839633 0.069862 -0.538642 286.140350 0.000000 0.000000 0.000000 1.000000
-0.617107 -0.098308 0.780714 579.491028 -0.022431 0.993960 0.107430 191.685135 -0.786560 0.048783 -0.615584 288.838531 0.000000 0.000000 0.000000 1.000000
-0.674801 -0.117829 0.728533 582.275940 -0.049033 0.992149 0.115048 191.711227 -0.736369 0.041913 -0.675280 291.477692 0.000000 0.000000 0.000000 1.000000
-0.720898 -0.138504 0.679060 584.867249 -0.071669 0.989472 0.125731 191.406738 -0.689325 0.041972 -0.723235 293.903076 0.000000 0.000000 0.000000 1.000000
-0.757699 -0.155645 0.633772 587.403015 -0.094510 0.987076 0.129421 191.014252 -0.645725 0.038164 -0.762616 295.968475 0.000000 0.000000 0.000000 1.000000
-0.788281 -0.163832 0.593104 589.812561 -0.115248 0.986155 0.119231 190.685440 -0.604426 0.025633 -0.796249 297.623199 0.000000 0.000000 0.000000 1.000000
-0.812944 -0.163788 0.558834 591.968079 -0.127182 0.986403 0.104089 190.546356 -0.568284 0.013544 -0.822721 298.861115 0.000000 0.000000 0.000000 1.000000
-0.827695 -0.158144 0.538434 593.813477 -0.126168 0.987348 0.096046 190.728210 -0.546811 0.011564 -0.837176 299.721436 0.000000 0.000000 0.000000 1.000000
-0.830744 -0.150065 0.536046 595.356445 -0.116910 0.988535 0.095554 191.155731 -0.544240 0.016712 -0.838763 300.289337 0.000000 0.000000 0.000000 1.000000
-0.825211 -0.139573 0.547308 596.553284 -0.105163 0.990011 0.093909 191.657089 -0.554948 0.019938 -0.831646 300.640045 0.000000 0.000000 0.000000 1.000000
-0.814065 -0.125416 0.567070 597.393372 -0.092046 0.991926 0.087242 192.120621 -0.573433 0.018825 -0.819036 300.869781 0.000000 0.000000 0.000000 1.000000
-0.799199 -0.112263 0.590490 598.045410 -0.079742 0.993522 0.080961 192.498444 -0.595754 0.017618 -0.802974 301.046295 0.000000 0.000000 0.000000 1.000000
-0.783547 -0.103295 0.612686 598.635620 -0.070194 0.994487 0.077895 192.749741 -0.617355 0.018028 -0.786478 301.183105 0.000000 0.000000 0.000000 1.000000
-0.770015 -0.098184 0.630426 599.232300 -0.066663 0.995061 0.073551 192.847702 -0.634534 0.014609 -0.772757 301.286255 0.000000 0.000000 0.000000 1.000000
-0.759278 -0.097288 0.643453 599.905334 -0.067785 0.995207 0.070487 192.859604 -0.647226 0.009903 -0.762234 301.320709 0.000000 0.000000 0.000000 1.000000
-0.750427 -0.099041 0.653491 600.683594 -0.067642 0.995026 0.073128 192.872192 -0.657483 0.010674 -0.753393 301.276398 0.000000 0.000000 0.000000 1.000000
-0.742178 -0.099287 0.662808 601.486023 -0.065248 0.994972 0.075983 192.904495 -0.667019 0.013146 -0.744924 301.234589 0.000000 0.000000 0.000000 1.000000
-0.732295 -0.100935 0.673466 602.199463 -0.065774 0.994814 0.077577 192.892090 -0.677804 0.012513 -0.735136 301.244629 0.000000 0.000000 0.000000 1.000000
-0.717026 -0.109368 0.688413 602.816467 -0.073296 0.993969 0.081569 192.613770 -0.693182 0.008030 -0.720718 301.312073 0.000000 0.000000 0.000000 1.000000
-0.693512 -0.125815 0.709374 603.339539 -0.086589 0.992052 0.091298 191.899017 -0.715223 0.001893 -0.698894 301.422424 0.000000 0.000000 0.000000 1.000000
-0.659572 -0.147759 0.736975 603.679504 -0.102502 0.989009 0.106554 190.981049 -0.744620 -0.005262 -0.667468 301.570312 0.000000 0.000000 0.000000 1.000000
-0.609750 -0.167710 0.774648 603.813049 -0.118607 0.985659 0.120035 189.985031 -0.783670 -0.018687 -0.620897 301.672577 0.000000 0.000000 0.000000 1.000000
-0.539522 -0.177542 0.823040 603.750854 -0.127505 0.983470 0.128566 188.974945 -0.832261 -0.035578 -0.553241 301.570190 0.000000 0.000000 0.000000 1.000000
-0.453705 -0.180396 0.872702 603.489441 -0.125815 0.982454 0.137674 188.153152 -0.882226 -0.047336 -0.468441 301.084625 0.000000 0.000000 0.000000 1.000000
-0.356920 -0.182271 0.916180 603.140076 -0.119375 0.981637 0.148788 187.856461 -0.926476 -0.056264 -0.372125 300.002045 0.000000 0.000000 0.000000 1.000000
-0.244351 -0.175118 0.953743 602.850647 -0.109765 0.982231 0.152227 188.217667 -0.963454 -0.067491 -0.259231 298.126221 0.000000 0.000000 0.000000 1.000000
-0.112872 -0.156738 0.981169 602.815796 -0.095074 0.984652 0.146358 189.020462 -0.989050 -0.076764 -0.126041 295.601929 0.000000 0.000000 0.000000 1.000000
0.030921 -0.138598 0.989866 603.129333 -0.076014 0.987145 0.140591 190.024429 -0.996627 -0.079591 0.019988 292.704803 0.000000 0.000000 0.000000 1.000000
0.170354 -0.118901 0.978183 603.555176 -0.053416 0.990119 0.129654 191.099106 -0.983934 -0.074337 0.162319 289.531158 0.000000 0.000000 0.000000 1.000000
0.295060 -0.097002 0.950542 603.892456 -0.029260 0.993449 0.110463 192.277313 -0.955031 -0.060406 0.290288 286.335297 0.000000 0.000000 0.000000 1.000000
0.408396 -0.074297 0.909776 604.153442 -0.012667 0.996125 0.087034 193.159271 -0.912717 -0.047068 0.405872 283.212555 0.000000 0.000000 0.000000 1.000000
0.511296 -0.055872 0.857586 604.509277 -0.003357 0.997747 0.067005 193.468536 -0.859398 -0.037138 0.509957 280.035034 0.000000 0.000000 0.000000 1.000000
0.597937 -0.049670 0.800003 605.042603 0.012935 0.998546 0.052329 193.567825 -0.801439 -0.020941 0.597710 276.796844 0.000000 0.000000 0.000000 1.000000
0.665810 -0.049553 0.744474 605.543762 0.033102 0.998771 0.036875 193.261826 -0.745387 0.000092 0.666632 273.699829 0.000000 0.000000 0.000000 1.000000
0.716639 -0.051127 0.695568 605.948853 0.051505 0.998466 0.020326 192.484070 -0.695540 0.021258 0.718173 270.924133 0.000000 0.000000 0.000000 1.000000
0.750034 -0.063846 0.658311 606.279297 0.080050 0.996776 0.005469 191.627701 -0.656537 0.048596 0.752726 268.432709 0.000000 0.000000 0.000000 1.000000
0.765005 -0.086418 0.638200 606.478699 0.113112 0.993582 -0.001048 190.497070 -0.634013 0.072990 0.769870 266.106506 0.000000 0.000000 0.000000 1.000000
0.762507 -0.107372 0.638009 606.554443 0.137102 0.990553 0.002847 189.450180 -0.632287 0.085301 0.770024 264.076416 0.000000 0.000000 0.000000 1.000000
0.746374 -0.118575 0.654879 606.559387 0.146662 0.989115 0.011940 188.938873 -0.649166 0.087134 0.755639 262.415955 0.000000 0.000000 0.000000 1.000000
0.723130 -0.121421 0.679956 606.442932 0.144897 0.989190 0.022545 188.989395 -0.675343 0.082221 0.732906 261.100128 0.000000 0.000000 0.000000 1.000000
0.697152 -0.117370 0.707251 606.178650 0.134009 0.990454 0.032273 189.425201 -0.704288 0.072278 0.706226 260.139008 0.000000 0.000000 0.000000 1.000000
0.670813 -0.110401 0.733363 605.830261 0.119271 0.992046 0.040245 189.964905 -0.731973 0.060472 0.678645 259.539520 0.000000 0.000000 0.000000 1.000000
0.648232 -0.106877 0.753905 605.455566 0.107039 0.993059 0.048744 190.426880 -0.753882 0.049100 0.655173 259.199432 0.000000 0.000000 0.000000 1.000000
0.633574 -0.104624 0.766576 605.069519 0.097835 0.993695 0.054761 190.789505 -0.767472 0.040303 0.639815 258.966095 0.000000 0.000000 0.000000 1.000000
0.629874 -0.098773 0.770391 604.673584 0.090158 0.994474 0.053790 191.080276 -0.771447 0.035576 0.635299 258.736816 0.000000 0.000000 0.000000 1.000000
0.639899 -0.092438 0.762879 604.273499 0.084165 0.995197 0.049991 191.286102 -0.763836 0.032218 0.644606 258.472382 0.000000 0.000000 0.000000 1.000000
0.664429 -0.093584 0.741469 603.913940 0.080503 0.995318 0.053485 191.377502 -0.743003 0.024153 0.668852 258.204620 0.000000 0.000000 0.000000 1.000000
0.698869 -0.102094 0.707926 603.617065 0.078503 0.994730 0.065956 191.383987 -0.710929 0.009480 0.703200 257.924896 0.000000 0.000000 0.000000 1.000000
0.737359 -0.112116 0.666132 603.324707 0.079154 0.993677 0.079627 191.346573 -0.670847 -0.005987 0.741571 257.557434 0.000000 0.000000 0.000000 1.000000
0.779818 -0.123177 0.613768 603.000977 0.083246 0.992147 0.093347 191.315857 -0.620446 -0.021700 0.783949 257.123016 0.000000 0.000000 0.000000 1.000000
0.824674 -0.138064 0.548499 602.612305 0.089565 0.989391 0.114380 191.253876 -0.558472 -0.045200 0.828291 256.655731 0.000000 0.000000 0.000000 1.000000
0.868271 -0.148363 0.473385 602.044922 0.095476 0.986369 0.134018 190.969727 -0.486815 -0.071167 0.870601 255.891495 0.000000 0.000000 0.000000 1.000000
0.910632 -0.146026 0.386557 601.405640 0.100767 0.985711 0.134981 190.263580 -0.400744 -0.083966 0.912334 254.512527 0.000000 0.000000 0.000000 1.000000
0.951937 -0.138922 0.272977 600.984802 0.107749 0.986146 0.126117 189.111313 -0.286716 -0.090642 0.953718 252.735504 0.000000 0.000000 0.000000 1.000000
0.982310 -0.132658 0.132169 600.792175 0.118030 0.986561 0.112985 187.690979 -0.145382 -0.095387 0.984767 250.872070 0.000000 0.000000 0.000000 1.000000
0.991498 -0.128681 -0.019325 600.692749 0.129898 0.987549 0.088737 186.498154 0.007665 -0.090493 0.995868 249.203522 0.000000 0.000000 0.000000 1.000000
0.977915 -0.132712 -0.161462 600.676880 0.143602 0.987952 0.057707 185.727783 0.151858 -0.079619 0.985190 248.041794 0.000000 0.000000 0.000000 1.000000
0.953448 -0.142968 -0.265512 600.405212 0.158367 0.986672 0.037407 185.073257 0.256625 -0.077714 0.963382 247.478973 0.000000 0.000000 0.000000 1.000000
0.933237 -0.132529 -0.333924 599.387390 0.150059 0.988305 0.027135 185.624695 0.326423 -0.075432 0.942209 247.687805 0.000000 0.000000 0.000000 1.000000
0.912135 -0.114196 -0.393662 598.171570 0.132675 0.990959 0.019950 186.525101 0.387825 -0.070426 0.919039 248.155655 0.000000 0.000000 0.000000 1.000000
0.890002 -0.092174 -0.446543 596.746887 0.110652 0.993740 0.015415 187.565872 0.442327 -0.063130 0.894629 248.821503 0.000000 0.000000 0.000000 1.000000
0.866467 -0.070262 -0.494266 595.112610 0.087909 0.996050 0.012515 188.572678 0.491434 -0.054294 0.869221 249.615524 0.000000 0.000000 0.000000 1.000000
0.841070 -0.052453 -0.538377 593.268982 0.068498 0.997603 0.009815 189.379089 0.536572 -0.045133 0.842647 250.461731 0.000000 0.000000 0.000000 1.000000
0.813253 -0.042878 -0.580329 591.190491 0.056589 0.998382 0.005535 189.700104 0.579153 -0.037341 0.814363 251.320465 0.000000 0.000000 0.000000 1.000000
0.785900 -0.048336 -0.616462 588.414795 0.058626 0.998274 -0.003534 189.255127 0.615569 -0.033363 0.787377 252.232819 0.000000 0.000000 0.000000 1.000000
0.752287 -0.055291 -0.656512 585.307190 0.060055 0.998079 -0.015241 188.461975 0.656093 -0.027962 0.754162 253.222458 0.000000 0.000000 0.000000 1.000000
0.711219 -0.060615 -0.700353 581.960510 0.054605 0.998029 -0.030926 187.530029 0.700847 -0.016248 0.713127 254.253189 0.000000 0.000000 0.000000 1.000000
0.666160 -0.064296 -0.743033 578.132996 0.046686 0.997918 -0.044496 186.616623 0.744347 -0.005048 0.667774 255.344437 0.000000 0.000000 0.000000 1.000000
0.623153 -0.064278 -0.779454 573.396301 0.038215 0.997929 -0.051743 185.791458 0.781165 0.002457 0.624319 256.492249 0.000000 0.000000 0.000000 1.000000
0.582661 -0.056570 -0.810744 567.659851 0.022671 0.998318 -0.053365 185.356720 0.812399 0.012713 0.582963 257.685242 0.000000 0.000000 0.000000 1.000000
0.540317 -0.047862 -0.840099 561.117310 -0.000696 0.998355 -0.057326 185.321930 0.841461 0.031560 0.539395 258.947662 0.000000 0.000000 0.000000 1.000000
0.497267 -0.041117 -0.866623 554.253906 -0.027576 0.997623 -0.063155 185.507568 0.867159 0.055303 0.494951 260.192963 0.000000 0.000000 0.000000 1.000000
0.460203 -0.027663 -0.887382 547.669373 -0.048300 0.997254 -0.056137 185.588806 0.886499 0.068695 0.457604 261.299316 0.000000 0.000000 0.000000 1.000000
0.430515 -0.000801 -0.902583 541.877319 -0.063380 0.997504 -0.031116 185.109253 0.900356 0.070602 0.429389 262.223419 0.000000 0.000000 0.000000 1.000000
0.404452 0.028960 -0.914100 536.829346 -0.080859 0.996717 -0.004199 184.375153 0.910977 0.075612 0.405466 263.040527 0.000000 0.000000 0.000000 1.000000
0.377335 0.050980 -0.924672 532.311829 -0.097903 0.995084 0.014911 184.114655 0.920887 0.084902 0.380472 263.843323 0.000000 0.000000 0.000000 1.000000
0.347000 0.057982 -0.936071 528.046143 -0.099600 0.994721 0.024693 184.485931 0.932561 0.084664 0.350943 264.764252 0.000000 0.000000 0.000000 1.000000
0.319481 0.049364 -0.946306 523.747192 -0.083505 0.996224 0.023777 185.289215 0.943906 0.071425 0.322397 265.879242 0.000000 0.000000 0.000000 1.000000
0.297095 0.031398 -0.954332 519.437500 -0.057679 0.998224 0.014886 186.429657 0.953104 0.050623 0.298378 267.254578 0.000000 0.000000 0.000000 1.000000
0.266771 0.017244 -0.963606 515.189148 -0.026091 0.999603 0.010665 187.802078 0.963407 0.022296 0.267115 268.866028 0.000000 0.000000 0.000000 1.000000
0.220035 0.022906 -0.975223 510.740875 0.004120 0.999694 0.024411 189.143768 0.975483 -0.009389 0.219873 270.599243 0.000000 0.000000 0.000000 1.000000
0.170612 0.041748 -0.984453 505.918823 0.025198 0.998590 0.046715 190.147980 0.985016 -0.032776 0.169319 272.395050 0.000000 0.000000 0.000000 1.000000
0.128770 0.049940 -0.990416 500.875244 0.034903 0.997884 0.054855 190.450577 0.991060 -0.041632 0.126754 274.253143 0.000000 0.000000 0.000000 1.000000
0.098446 0.045216 -0.994115 495.655029 0.030951 0.998345 0.048474 189.840256 0.994661 -0.035541 0.096883 275.916748 0.000000 0.000000 0.000000 1.000000
0.083783 0.038648 -0.995734 490.264587 0.016705 0.999053 0.040183 188.471146 0.996344 -0.020000 0.083058 277.171234 0.000000 0.000000 0.000000 1.000000
0.080975 0.035287 -0.996091 484.742981 0.003545 0.999357 0.035691 186.727966 0.996710 -0.006421 0.080798 278.062286 0.000000 0.000000 0.000000 1.000000
0.079053 0.035982 -0.996221 478.833862 -0.000669 0.999350 0.036042 185.029282 0.996870 -0.002182 0.079026 278.639374 0.000000 0.000000 0.000000 1.000000
0.072582 0.036459 -0.996696 472.177155 0.010053 0.999254 0.037284 184.019928 0.997312 -0.012726 0.072161 278.966339 0.000000 0.000000 0.000000 1.000000
0.064957 0.031885 -0.997379 464.697540 0.033939 0.998841 0.034142 183.829620 0.997311 -0.036068 0.063799 279.100037 0.000000 0.000000 0.000000 1.000000
0.065961 0.021868 -0.997583 456.924316 0.063103 0.997667 0.026043 184.038437 0.995825 -0.064668 0.064427 279.039825 0.000000 0.000000 0.000000 1.000000
0.080545 0.019633 -0.996558 449.417297 0.092481 0.995346 0.027083 184.405045 0.992451 -0.094344 0.078355 278.851868 0.000000 0.000000 0.000000 1.000000
0.098931 0.035570 -0.994458 442.501862 0.121068 0.991507 0.047509 184.820129 0.987702 -0.125097 0.093785 278.666595 0.000000 0.000000 0.000000 1.000000
0.107829 0.056581 -0.992558 436.433838 0.141421 0.987353 0.071648 184.780991 0.984060 -0.148094 0.098464 278.626343 0.000000 0.000000 0.000000 1.000000
0.104952 0.064304 -0.992396 431.190430 0.154223 0.984782 0.080121 184.436172 0.982446 -0.161459 0.093438 278.760895 0.000000 0.000000 0.000000 1.000000
0.100713 0.059169 -0.993155 426.431519 0.156293 0.984895 0.074526 184.373596 0.982563 -0.162729 0.089944 278.888336 0.000000 0.000000 0.000000 1.000000
0.103578 0.050352 -0.993346 421.938110 0.141166 0.987863 0.064794 184.919708 0.984553 -0.146938 0.095213 278.812042 0.000000 0.000000 0.000000 1.000000
0.113177 0.044742 -0.992567 417.618866 0.116084 0.991548 0.057933 185.897980 0.986770 -0.121778 0.107027 278.458710 0.000000 0.000000 0.000000 1.000000
0.130768 0.043286 -0.990468 413.259583 0.088725 0.994527 0.055178 187.063919 0.987435 -0.095095 0.126211 277.891724 0.000000 0.000000 0.000000 1.000000
0.158774 0.044627 -0.986306 408.775452 0.061639 0.996581 0.055014 188.164734 0.985389 -0.069530 0.155481 277.193878 0.000000 0.000000 0.000000 1.000000
0.188730 0.043615 -0.981060 404.081329 0.041995 0.997741 0.052435 188.792648 0.981131 -0.051096 0.186472 276.473175 0.000000 0.000000 0.000000 1.000000
0.211768 0.035765 -0.976665 399.119568 0.035782 0.998376 0.044319 188.726379 0.976665 -0.044333 0.210144 275.777832 0.000000 0.000000 0.000000 1.000000
0.228738 0.025184 -0.973162 393.839050 0.041825 0.998488 0.035670 187.935150 0.972589 -0.048862 0.227339 275.045990 0.000000 0.000000 0.000000 1.000000
0.239644 0.011503 -0.970793 388.255829 0.059350 0.997886 0.026475 186.793167 0.969045 -0.063961 0.238454 274.337311 0.000000 0.000000 0.000000 1.000000
